x_position,y_position,x_position,y_position,x_position,y_position
278,645,216,618,162,217
277,637,218,616,161,220
278,630,219,614,161,223
279,621,220,610,160,226
280,611,221,607,159,230
280,600,223,603,158,234
280,588,225,598,157,238
282,576,228,593,156,243
282,564,230,587,155,248
283,551,233,581,155,254
283,537,239,575,154,260
283,524,246,571,153,266
283,511,249,565,152,272
283,499,252,558,151,280
284,487,253,552,150,287
284,475,255,546,149,295
285,463,257,545,149,304
285,451,259,541,148,312
286,439,261,538,147,321
286,428,262,534,146,331
287,417,264,529,145,340
287,406,265,526,144,350
287,396,268,524,143,360
288,386,267,524,143,371
288,376,266,525,141,382
289,366,265,525,140,394
289,357,262,526,139,406
290,348,259,522,139,418
290,339,255,524,138,431
291,331,259,521,137,444
292,323,259,524,136,457
292,315,262,526,135,470
293,308,263,530,137,487
293,301,264,535,135,500
293,294,267,541,135,515
294,288,266,546,135,528
294,282,272,553,134,540
295,276,273,559,134,550
295,271,272,565,135,561
295,266,258,564,135,570
296,261,259,568,137,578
296,257,260,572,138,588
296,253,261,577,140,599
297,249,266,582,142,607
297,246,266,587,144,617
297,242,266,593,147,626
298,240,267,597,149,635
298,237,267,602,153,644
298,235,268,606,157,653
298,233,268,610,162,659
299,232,268,613,166,664
299,231,268,616,171,668
299,230,266,619,176,672
299,230,267,622,179,675
299,230,267,624,185,677
299,230,266,626,188,678
299,230,266,627,192,678
299,231,266,627,195,678
300,233,265,627,198,677
300,234,265,627,200,675
300,236,264,626,202,673
300,239,264,625,202,671
300,242,263,623,203,669
300,245,262,622,203,666
300,248,261,619,203,662
300,252,261,616,203,657
300,256,260,614,202,652
300,260,259,611,202,645
301,265,258,607,200,636
301,270,257,603,200,627
301,275,254,598,200,617
301,281,253,593,199,606
301,287,251,587,198,594
301,294,249,580,197,580
301,301,245,574,196,565
301,308,243,568,196,554
301,316,240,563,196,541
301,324,237,558,196,529
301,332,234,554,197,516
301,341,230,552,197,502
300,350,227,550,199,491
300,359,225,548,197,475
300,369,224,545,198,463
300,379,222,543,198,451
300,389,219,540,198,439
300,400,218,538,197,428
299,411,215,535,197,416
299,423,213,534,197,406
299,435,213,533,196,395
298,446,214,532,195,385
298,459,215,533,195,375
298,472,216,535,195,366
298,485,216,537,195,356
298,499,216,541,194,348
297,513,217,544,194,339
297,526,217,548,194,331
297,541,217,552,193,323
296,555,216,555,193,316
297,567,217,560,192,309
298,577,216,563,193,302
296,586,216,567,192,296
295,595,217,570,192,289
294,603,217,574,192,284
293,611,217,577,192,278
291,619,216,582,192,273
290,628,215,586,192,269
289,636,214,591,192,265
288,643,212,595,191,260
287,649,213,600,191,257
285,655,212,604,191,253
284,659,212,609,191,250
282,663,211,612,191,248
281,666,211,616,191,246
280,668,211,619,191,244
279,670,211,623,191,242
278,671,210,626,191,240
277,672,211,629,191,240
277,672,211,631,191,239
276,671,211,633,191,238
276,671,211,635,191,238
277,669,212,636,191,239
277,668,213,637,191,239
277,666,213,638,190,240
277,663,214,638,190,241
278,660,215,637,190,242
278,656,216,637,190,244
279,651,216,636,190,246
280,645,218,634,189,249
281,638,219,633,189,252
282,630,220,631,189,255
283,620,221,627,188,258
284,609,222,625,188,262
285,598,224,621,188,266
287,586,225,617,188,270
287,573,227,612,187,275
288,559,230,606,187,280
289,545,232,600,186,285
288,531,235,593,186,291
289,518,238,586,185,297
289,505,242,579,184,303
290,492,246,573,184,309
290,479,250,566,184,316
291,467,253,560,183,323
292,455,255,556,183,331
293,443,258,551,182,337
294,432,260,546,182,345
295,421,262,542,181,354
295,410,265,536,182,363
296,400,266,533,182,371
297,390,265,532,182,380
297,379,264,530,181,390
297,370,263,529,180,400
298,361,262,530,181,410
298,352,259,529,180,419
298,343,258,530,180,430
299,335,258,534,180,440
299,327,259,536,180,451
300,319,259,538,179,462
300,312,260,543,178,474
300,305,262,548,178,486
300,298,262,553,178,499
300,292,262,559,179,510
300,286,264,565,179,520
300,280,264,571,179,529
301,275,263,577,179,539
300,270,263,582,179,546
301,265,264,588,181,552
301,261,264,593,183,560
301,257,265,597,184,568
301,253,264,602,184,578
301,249,266,607,186,588
301,246,266,612,187,597
301,243,266,615,187,607
301,241,267,619,187,616
301,239,267,622,189,625
302,238,267,625,190,632
302,236,267,627,192,640
302,235,267,628,193,646
302,234,267,630,195,651
302,234,266,631,196,655
302,234,266,631,198,658
302,234,266,631,199,660
302,234,265,630,199,660
302,235,264,630,201,661
302,237,264,628,202,660
302,238,263,627,202,660
302,240,262,625,202,658
302,243,261,623,202,655
302,245,261,620,202,653
302,248,259,617,202,649
302,251,259,614,202,644
302,255,257,611,201,638
302,259,256,607,201,630
302,263,254,603,200,622
302,268,253,598,199,612
302,272,251,593,200,602
302,278,250,588,202,592
303,284,248,582,201,580
303,289,247,576,199,567
303,296,244,570,199,555
303,303,242,565,199,542
303,309,239,560,199,530
303,317,238,556,200,519
303,324,235,550,200,508
303,332,233,547,202,494
303,340,230,544,203,481
303,349,228,542,202,468
303,358,226,539,202,457
303,367,224,536,201,445
303,376,222,533,200,436
303,376,222,533,200,436
302,386,220,530,200,424
302,395,218,528,200,413
302,405,217,527,200,404
302,416,214,528,199,394
302,427,216,530,199,384
302,438,217,531,198,375
302,449,218,533,197,365
301,461,218,537,197,357
301,473,217,541,198,348
301,485,217,546,197,340
300,497,216,551,197,333
300,510,215,555,197,325
300,522,214,560,197,318
299,536,213,565,197,311
298,548,211,571,197,305
297,560,210,577,197,299
295,571,209,582,197,293
295,581,208,588,197,287
294,591,208,594,197,282
292,600,207,600,196,277
292,608,207,605,196,273
291,617,207,610,196,269
291,625,208,615,196,265
290,632,208,620,197,262
289,638,209,624,197,259
288,643,209,628,197,256
287,647,210,631,197,253
287,651,210,634,197,251
286,655,210,637,197,249
285,657,210,639,197,248
285,659,210,641,197,247
284,661,211,643,197,246
284,661,212,643,197,245
284,661,212,644,197,245
284,660,213,644,196,245
284,658,214,643,196,246
284,656,215,643,196,246
284,654,216,641,196,248
284,649,218,640,196,249
284,645,219,638,196,251
285,640,220,636,196,253
285,633,221,633,195,255
286,625,223,630,195,258
287,617,225,627,195,261
288,607,227,623,194,264
289,597,228,619,194,268
290,587,230,614,194,273
292,576,233,608,193,277
293,564,236,603,193,282
293,551,239,596,193,287
294,539,242,590,193,292
294,527,246,584,192,298
295,515,250,577,192,305
296,503,255,570,191,311
296,492,258,564,191,318
298,480,261,557,190,325
298,470,264,552,190,333
299,459,266,547,189,341
300,448,270,543,189,349
300,439,273,538,189,358
301,428,275,533,188,367
302,419,276,530,187,376
303,410,275,530,187,386
304,401,274,530,186,396
304,392,273,530,186,406
305,384,271,530,185,416
306,376,269,532,186,428
307,368,268,538,185,438
307,361,267,540,184,449
308,354,266,546,184,461
309,346,267,550,185,473
309,340,269,556,185,486
310,334,269,563,185,499
311,328,269,570,185,512
311,323,268,576,183,528
312,317,269,580,183,541
312,312,270,587,184,551
312,308,270,591,184,564
313,304,271,598,187,574
314,300,272,604,189,586
314,296,271,608,190,596
314,293,272,613,189,605
315,290,272,617,191,613
315,287,272,621,192,621
315,285,273,625,194,629
315,283,273,628,195,637
316,281,274,630,197,643
316,280,275,632,198,649
316,279,274,634,200,654
316,279,275,636,201,658
317,278,275,637,203,661
317,278,275,637,204,664
317,278,275,637,205,666
317,279,274,637,207,668
318,280,273,635,208,669
318,281,273,634,209,669
318,283,272,631,210,668
318,284,271,629,210,668
319,287,270,626,210,666
319,289,269,623,210,664
319,292,268,619,210,661
319,295,266,616,209,657
320,298,265,611,209,652
320,302,263,607,208,648
320,306,262,602,208,640
320,311,260,596,207,632
320,316,257,591,207,621
321,321,255,585,207,610
321,326,251,579,207,598
321,332,249,574,205,587
321,338,247,568,205,575
321,345,245,564,204,562
321,352,242,559,203,549
321,359,239,556,202,538
321,367,236,553,203,527
321,375,234,550,203,514
322,382,232,547,203,501
322,391,230,544,204,488
322,399,228,540,203,476
322,409,225,538,203,463
322,418,223,535,203,452
322,428,220,533,202,441
322,438,218,530,202,430
322,448,217,529,202,420
322,459,216,527,201,410
322,470,214,526,201,399
322,481,215,525,201,390
322,493,215,527,201,380
322,505,215,528,200,371
322,517,215,530,199,361
322,529,216,533,199,353
321,542,215,537,198,344
322,554,216,541,198,336
321,566,216,544,198,328
321,576,215,548,196,320
320,586,215,552,196,313
320,595,215,555,195,306
319,603,216,556,195,299
317,610,216,561,194,292
316,618,214,565,193,286
316,625,214,570,193,280
314,633,213,575,191,274
312,639,213,579,191,269
309,645,213,584,190,264
307,649,211,587,189,260
304,653,210,591,189,255
302,656,209,596,188,251
299,659,209,600,187,248
297,662,209,604,186,245
295,663,208,608,186,242
292,665,207,611,185,239
291,666,207,614,184,237
289,666,208,617,183,235
287,665,208,618,182,234
286,664,208,620,182,233
285,663,209,622,181,232
285,660,209,622,180,232
284,658,210,623,179,231
284,654,210,623,178,232
284,650,211,622,177,232
284,645,213,621,176,234
284,638,214,619,175,235
285,630,215,617,174,237
286,621,217,614,173,239
286,612,218,611,172,241
287,601,220,606,171,245
288,590,222,602,170,248
288,578,224,596,169,252
289,566,227,591,168,256
289,553,229,584,167,261
289,540,233,576,166,266
289,528,237,568,165,271
289,516,242,563,164,277
290,504,244,556,163,283
290,492,250,552,162,290
290,481,252,545,161,297
290,469,254,542,160,304
290,459,255,538,159,313
291,448,257,535,158,321
291,438,260,531,158,329
292,427,263,527,157,339
292,417,265,524,155,349
292,408,266,521,154,359
292,398,265,519,154,369
292,389,267,518,153,380
293,380,266,517,152,391
293,372,263,518,151,403
293,364,263,519,150,416
293,356,262,523,149,428
293,349,262,525,148,441
293,342,263,528,147,455
294,335,264,531,147,469
294,328,264,533,145,484
294,322,265,538,144,499
293,316,265,543,144,513
294,311,265,549,143,532
294,306,265,555,144,548
293,301,264,560,141,567
294,296,264,566,140,579
294,292,265,569,140,589
294,288,266,575,141,600
294,285,266,580,142,610
294,282,267,586,149,623
294,279,266,592,147,629
294,277,266,597,150,639
294,275,266,602,152,647
294,273,266,607,155,654
294,271,266,611,159,659
294,270,267,615,162,664
294,269,267,618,166,669
294,269,267,621,169,673
294,269,267,624,172,677
294,269,267,627,176,680
294,270,267,628,179,683
294,271,267,630,183,685
294,272,266,631,187,687
293,274,266,631,191,688
293,276,266,631,194,688
293,278,265,631,197,688
293,281,265,630,199,688
293,284,265,629,201,686
292,287,264,627,202,685
292,291,263,625,202,683
292,295,262,622,203,680
292,299,262,619,202,677
291,304,261,616,202,672
291,309,260,613,201,669
291,314,259,608,200,662
291,320,258,604,200,656
290,326,257,598,199,649
290,333,256,593,197,639
290,339,254,588,196,630
290,346,253,581,198,618
289,354,251,577,195,606
289,361,248,572,194,594
289,370,246,567,194,580
289,378,244,563,194,568
288,387,243,559,193,556
288,395,240,555,193,544
287,405,238,553,193,532
287,415,236,551,194,519
287,425,235,549,195,507
286,435,233,547,196,494
286,445,231,544,196,482
285,457,229,542,195,469
285,468,227,540,194,458
284,479,225,538,194,446
284,491,223,538,194,435
283,504,221,536,194,424
282,516,220,536,193,413
282,528,219,535,193,402
283,541,219,534,192,392
282,554,218,534,192,382
283,566,219,534,191,373
283,576,221,536,191,364
281,583,220,539,190,355
280,591,222,542,189,347
280,599,220,546,189,339
280,606,220,549,189,331
281,613,220,553,189,323
282,620,219,558,188,316
281,628,219,562,188,310
281,634,218,567,187,303
281,639,217,572,187,297
281,644,217,577,187,291
280,649,216,582,186,286
279,652,227,575,186,280
279,655,227,580,186,275
278,658,226,583,186,271
278,660,226,588,186,267
277,663,225,591,185,264
277,664,225,595,185,260
276,665,225,599,185,257
276,666,224,600,184,255
275,666,224,603,184,253
275,666,224,606,184,251
275,665,224,608,184,249
275,664,224,609,184,248
276,663,224,610,184,247
276,660,225,611,183,246
277,657,225,611,183,246
277,654,225,610,183,246
278,650,226,609,182,247
279,643,227,608,182,248
280,637,228,607,182,249
280,629,229,604,182,251
282,621,230,601,181,253
283,611,231,598,181,256
284,600,232,594,181,258
285,588,233,589,180,261
286,575,235,584,180,264
287,562,233,578,179,268
287,549,236,573,179,272
287,535,239,568,178,277
287,521,240,560,178,282
288,508,245,556,178,288
288,496,247,550,177,293
288,483,254,549,176,299
288,470,253,540,176,306
289,458,257,542,175,313
289,446,257,540,175,320
290,434,259,537,174,328
290,423,260,534,173,336
291,412,260,530,173,344
291,401,262,527,172,353
292,390,262,526,172,362
292,380,262,527,171,371
293,370,261,528,171,381
293,361,261,529,170,391
294,352,259,530,169,402
294,343,259,531,168,414
295,334,256,534,169,426
295,326,255,538,168,438
295,318,254,543,167,449
296,310,256,543,167,461
296,303,256,548,166,473
296,296,263,556,164,488
296,289,259,561,164,503
296,283,263,570,163,519
296,277,263,576,163,533
297,271,259,570,161,547
297,266,260,575,163,559
297,262,260,581,161,571
297,257,260,587,162,581
297,253,262,592,164,593
298,249,262,597,169,608
298,245,263,602,169,615
298,241,263,606,172,625
298,239,263,609,175,634
298,236,265,613,177,642
298,234,265,616,181,650
299,232,265,619,183,655
299,230,266,621,186,660
299,229,266,623,189,664
299,228,266,624,192,669
299,227,266,625,196,671
299,227,266,626,199,673
299,227,267,626,202,674
299,227,266,626,204,675
300,228,267,626,206,675
300,229,266,625,208,675
300,230,266,624,209,674
300,232,265,623,210,673
300,234,264,621,210,672
300,236,263,619,211,670
300,239,263,616,210,669
300,242,262,614,210,665
300,245,262,611,209,661
300,249,260,609,208,656
300,253,260,605,207,650
300,257,259,601,206,643
300,262,257,597,205,635
300,267,257,592,204,626
300,272,255,587,203,615
300,278,253,581,203,604
300,284,251,575,203,593
300,290,248,570,203,581
300,297,245,564,203,568
300,303,243,559,201,555
300,310,241,553,200,543
299,318,238,549,200,532
299,326,235,546,202,519
299,334,231,545,202,507
299,342,229,543,203,494
300,351,227,540,203,481
299,360,226,538,203,470
299,369,225,535,203,458
299,379,221,532,202,447
299,389,220,529,201,436
299,400,218,527,201,427
299,410,217,527,202,417
298,420,217,527,201,405
298,432,218,527,201,396
298,443,219,529,201,387
298,455,220,532,201,379
297,466,220,534,200,369
297,479,220,538,199,361
296,491,220,541,200,354
296,504,220,544,199,346
296,517,220,548,199,338
295,530,220,550,199,331
294,542,219,554,198,324
294,555,220,554,198,318
293,568,220,559,197,311
293,577,218,564,197,306
291,586,217,569,196,300
290,594,217,574,196,296
289,602,216,579,196,291
287,611,216,584,195,287
286,620,215,590,195,283
286,627,215,595,195,279
286,634,215,601,194,276
285,640,215,606,194,273
285,645,215,610,193,270
284,649,214,614,194,268
283,652,214,618,193,266
283,655,214,621,193,265
282,658,214,624,193,263
282,660,214,626,192,263
281,662,214,628,192,262
281,662,214,630,192,262
281,662,214,631,191,262
280,661,215,631,191,262
280,659,215,631,191,263
280,657,216,631,190,264
280,653,216,630,189,266
280,649,217,629,189,268
281,644,218,627,189,270
281,637,219,625,189,272
281,630,220,622,188,275
282,622,221,618,188,278
282,613,222,615,187,281
282,601,224,611,187,285
282,590,225,606,186,289
282,579,226,601,186,294
283,567,228,595,186,298
285,554,230,589,185,303
285,542,233,583,185,309
285,530,236,577,185,315
284,517,239,570,184,321
285,505,242,564,184,327
285,494,245,558,183,333
285,482,248,552,183,340
285,470,250,547,183,348
286,459,252,543,182,355
286,448,253,539,182,363
286,437,255,535,182,371
286,427,256,530,181,380
287,416,259,526,181,389
287,406,261,524,181,399
287,396,261,522,180,408
287,387,262,517,180,417
288,378,263,515,180,428
288,369,261,514,179,438
288,361,262,514,179,449
288,353,262,515,179,459
288,345,262,519,178,470
289,337,261,525,178,482
289,330,261,530,178,496
289,323,261,535,178,508
289,317,262,540,178,521
290,311,263,546,177,537
290,304,262,551,176,544
290,299,263,556,176,553
290,294,265,561,177,562
290,288,265,567,177,570
290,284,266,573,179,578
291,280,266,578,180,586
291,276,266,584,182,594
291,272,266,590,183,602
291,269,267,596,185,611
291,266,267,602,187,618
291,263,267,608,188,626
292,261,267,613,190,634
292,259,267,618,190,642
292,257,268,622,192,649
292,256,268,626,194,654
292,255,268,628,195,659
292,254,268,631,197,664
293,254,268,633,199,667
293,254,268,634,200,669
293,255,268,635,201,669
293,255,268,635,202,669
293,256,267,635,202,669
293,258,266,635,203,669
293,259,266,634,203,668
293,261,266,632,203,666
293,263,265,631,203,664
293,266,264,628,203,661
293,269,263,625,202,657
293,273,261,622,201,651
293,277,260,618,201,646
293,281,259,613,200,638
293,285,256,608,199,630
293,289,254,603,198,620
293,295,252,597,198,611
292,300,250,591,196,599
292,305,248,584,196,587
293,312,245,578,196,575
293,318,243,572,195,562
293,325,241,566,194,550
293,331,239,560,194,538
292,339,237,555,195,526
292,347,235,550,197,511
292,355,233,546,197,499
292,363,230,542,198,485
292,372,228,538,197,473
292,381,226,534,196,461
291,390,224,531,196,448
291,400,221,527,195,437
291,410,219,524,195,427
291,420,219,523,194,416
290,430,217,523,194,405
290,441,216,522,194,395
290,453,216,521,193,386
289,464,215,522,193,376
289,476,214,522,192,366
289,488,214,525,192,358
288,500,213,528,192,349
288,513,213,531,191,340
288,526,212,535,191,333
288,539,211,539,191,325
287,552,210,544,190,317
287,564,209,548,190,311
288,575,208,552,190,303
286,585,207,556,190,297
285,595,207,561,189,291
284,604,206,565,189,286
282,612,205,570,189,280
282,622,205,575,189,275
282,631,205,580,189,270
282,639,206,585,189,266
283,646,206,591,189,261
283,653,207,595,189,258
283,659,207,600,188,254
282,664,207,606,188,251
281,667,208,611,188,248
281,670,209,616,188,246
280,673,209,620,188,244
279,675,209,624,188,242
279,676,209,628,187,240
278,677,209,631,187,239
277,677,209,634,187,238
277,676,209,636,187,238
277,675,210,638,187,238
276,673,210,639,187,238
276,671,211,639,186,238
277,668,212,639,186,239
277,665,212,639,186,241
277,660,213,639,185,242
277,655,215,637,185,244
278,648,216,635,185,246
279,641,217,633,185,249
279,632,218,630,184,252
280,622,219,627,184,255
281,611,221,623,184,259
282,599,223,618,184,263
283,587,225,613,183,267
284,574,227,608,183,272
284,561,230,602,182,277
284,548,233,596,182,282
284,534,237,589,182,288
285,521,241,584,182,295
286,509,245,577,181,301
286,496,248,572,181,307
287,484,250,567,180,315
287,472,254,562,180,322
288,460,256,558,179,330
288,449,259,554,179,339
289,437,263,550,178,347
289,426,266,546,178,356
289,415,266,543,177,366
290,405,267,542,177,375
291,395,267,541,177,385
291,385,266,540,175,396
292,376,265,542,175,406
293,366,264,542,174,419
293,357,264,547,173,429
293,348,264,554,173,441
294,339,261,550,173,454
294,331,263,555,173,465
295,323,264,563,172,478
295,315,264,571,172,491
296,308,265,579,172,506
296,301,265,585,172,521
297,294,264,586,171,535
297,288,266,591,172,547
297,282,266,599,171,557
298,276,266,606,172,566
298,271,267,613,172,576
299,266,267,620,173,584
299,261,267,625,175,592
300,257,267,631,176,599
300,253,268,635,178,607
301,249,268,640,180,616
301,246,268,644,183,624
302,242,268,647,185,632
302,240,269,650,187,639
302,237,269,652,190,647
303,235,269,653,193,654
303,234,269,654,195,660
304,232,269,654,197,665
304,232,269,654,200,669
304,231,269,654,203,671
305,231,268,653,206,673
305,231,268,652,207,675
305,231,267,651,209,675
306,233,267,650,209,675
306,234,266,648,210,674
306,235,265,646,210,673
307,237,264,644,210,671
307,240,264,641,210,669
308,243,263,638,210,667
308,246,262,635,209,663
308,249,262,631,208,658
309,253,260,627,208,652
309,258,259,622,206,647
309,263,258,617,206,637
309,268,256,612,206,627
310,273,255,606,206,616
310,279,253,599,205,604
310,286,252,592,204,592
310,292,250,585,203,579
311,299,247,577,202,565
311,307,240,572,202,552
311,315,236,568,203,538
311,323,236,563,204,524
311,332,235,557,203,511
312,341,233,553,206,496
312,351,231,550,207,481
312,361,228,547,207,468
312,371,226,544,205,456
312,382,224,541,205,443
312,393,222,537,204,431
313,404,221,534,204,418
313,416,219,530,205,407
313,429,216,528,205,395
312,441,215,527,206,384
313,454,214,525,205,374
313,467,213,526,204,363
313,482,213,526,202,352
312,497,213,527,202,342
312,511,213,530,202,332
312,526,213,533,202,323
312,541,213,537,202,314
310,553,213,541,202,305
308,564,213,544,202,297
306,574,213,548,202,289
305,582,213,552,202,282
304,590,213,555,202,274
305,597,213,559,202,268
305,603,214,563,202,261
305,610,214,567,202,255
306,616,214,571,203,249
305,622,214,575,203,243
304,628,214,578,203,238
303,634,213,582,203,233
301,640,213,586,203,228
300,645,213,589,204,224
297,649,212,595,203,220
295,654,211,598,203,216
293,658,211,604,204,213
292,662,211,608,204,210
290,665,210,612,204,207
288,668,210,616,204,206
286,671,210,620,204,204
284,673,210,623,204,202
282,675,209,626,204,201
281,677,210,628,204,200
279,677,210,631,204,199
278,678,211,633,204,200
278,678,211,635,204,200
277,679,212,636,204,200
277,678,213,637,204,201
277,677,213,638,204,202
276,675,214,638,204,204
277,673,215,638,203,206
277,671,216,638,203,208
277,667,217,637,203,211
278,663,218,636,203,214
278,659,218,635,203,217
279,653,220,633,203,221
280,646,220,631,203,225
281,636,222,628,202,229
281,627,223,625,202,234
282,616,224,621,201,239
282,603,226,616,201,244
283,591,228,611,201,250
284,578,229,606,201,256
285,565,231,600,200,263
285,551,233,593,200,270
284,538,235,586,199,277
284,525,238,579,199,285
285,512,240,572,199,293
285,499,245,566,198,301
285,487,247,560,198,310
285,475,250,554,198,319
286,463,252,549,197,329
286,451,253,545,197,338
286,440,255,541,198,350
287,429,257,536,198,360
287,418,260,531,196,371
287,407,262,527,196,382
287,397,262,524,196,394
287,387,261,521,195,405
288,377,262,520,195,417
288,368,262,523,195,430
289,359,261,526,194,443
288,350,260,529,194,455
289,341,259,533,194,468
289,333,259,536,194,483
289,325,260,540,193,498
290,318,260,545,192,513
290,311,260,550,192,529
290,304,261,556,191,542
291,298,262,562,191,554
291,291,263,567,191,564
291,286,264,574,192,575
291,280,264,579,193,583
292,275,265,585,196,592
292,271,265,591,196,601
292,266,266,596,197,609
293,262,267,601,199,620
293,259,267,605,202,627
293,255,267,609,203,635
294,252,268,613,203,643
294,250,268,617,204,650
294,247,270,620,206,655
294,245,270,622,207,661
294,244,271,623,209,665
295,242,272,625,209,667
295,242,272,626,210,669
295,241,272,626,211,671
295,241,272,626,211,673
295,241,271,625,211,673
295,241,271,624,211,673
296,242,270,623,211,672
295,243,270,621,211,671
296,245,269,620,210,669
296,247,269,617,210,667
296,249,268,615,209,663
296,252,267,612,208,660
296,255,266,609,207,654
296,258,265,605,206,648
296,262,263,601,206,640
296,266,261,596,204,632
296,270,259,591,204,621
296,275,256,585,204,610
296,280,254,579,205,599
296,285,252,574,203,585
296,291,248,568,203,572
296,297,245,563,203,558
296,304,243,558,202,545
296,311,240,554,202,532
296,318,236,551,204,518
296,326,233,549,205,505
295,333,231,547,206,493
295,341,228,544,208,479
295,350,225,541,208,466
295,359,223,538,209,455
295,368,219,536,209,442
295,377,217,534,209,430
294,388,216,531,209,419
294,398,215,530,210,407
294,408,214,528,210,398
294,419,215,528,211,387
293,431,216,529,210,377
293,442,217,532,210,368
292,453,218,535,209,359
292,466,219,538,209,350
292,478,219,542,209,340
291,490,221,545,209,332
291,504,221,549,209,324
291,517,220,553,209,316
291,531,221,556,209,308
290,544,221,560,209,301
289,557,222,563,209,294
288,569,222,567,209,287
286,581,223,566,209,281
285,592,223,570,209,275
283,600,223,577,209,270
283,608,223,582,210,265
282,617,220,585,210,260
281,626,220,591,210,256
281,633,219,595,210,252
281,640,218,600,210,248
280,647,218,605,210,244
280,653,218,610,211,242
279,659,218,614,211,239
278,663,218,618,211,236
278,668,218,622,211,234
277,671,218,625,211,233
277,674,218,629,212,231
276,675,219,631,211,230
276,677,218,634,211,230
276,676,219,635,212,229
276,676,219,636,212,229
276,675,219,637,211,230
276,674,220,637,212,230
277,672,221,637,212,231
277,669,222,637,212,232
277,665,222,636,212,234
278,661,223,635,212,236
279,656,224,633,212,238
279,650,225,631,212,241
280,643,226,628,212,244
281,635,228,625,212,247
282,625,229,622,213,251
283,616,230,618,213,255
283,604,232,613,213,259
285,592,234,608,213,263
286,580,237,602,213,268
287,567,239,596,213,273
287,554,241,590,214,279
287,541,244,583,214,285
288,528,247,576,214,291
288,516,252,571,214,298
288,503,254,565,214,305
289,491,257,561,214,312
289,480,259,557,214,320
290,469,260,553,214,327
290,458,263,549,214,336
291,447,263,546,213,344
291,436,265,542,214,354
292,426,265,541,215,363
293,416,264,539,215,373
293,406,264,537,216,382
294,396,264,536,215,391
294,387,264,537,216,401
295,378,264,537,216,412
295,370,265,541,216,423
296,361,265,546,215,435
296,353,265,551,214,445
297,345,266,556,214,458
297,338,267,561,214,470
297,330,267,566,214,483
298,324,269,570,214,496
298,317,270,575,213,509
298,311,271,580,211,524
299,305,272,585,210,537
299,300,273,590,211,551
299,294,273,595,213,562
300,289,273,599,215,572
300,285,273,603,215,582
300,281,273,607,215,591
300,277,273,609,216,598
301,273,275,612,216,606
301,270,275,615,216,615
301,267,275,617,216,623
301,264,276,619,217,631
302,262,276,620,215,639
302,261,276,622,216,645
302,259,276,623,216,651
302,258,276,624,216,655
302,257,275,624,216,659
302,256,275,624,216,663
302,256,275,624,215,665
303,256,275,623,215,667
303,257,274,621,214,667
303,258,274,619,213,667
303,259,273,617,213,666
303,261,272,615,212,665
303,262,272,612,211,662
303,265,270,609,210,659
303,267,269,606,209,655
304,270,268,603,208,650
303,274,266,599,207,644
304,277,264,595,207,636
304,281,263,591,207,626
304,286,260,587,206,616
304,290,258,582,206,606
304,295,256,576,205,594
304,301,253,571,204,582
304,307,251,565,204,571
304,313,248,560,202,556
304,320,246,556,202,543
304,326,243,552,202,531
304,334,241,548,204,518
304,341,238,544,204,506
304,350,235,542,206,493
304,358,232,541,207,481
304,367,230,538,207,468
304,376,228,536,207,457
303,385,225,534,207,445
303,394,223,532,207,434
303,405,221,530,207,423
303,415,219,529,209,411
303,426,218,529,209,400
303,437,218,529,209,391
303,448,218,530,209,382
302,460,218,531,209,372
302,472,219,533,208,363
302,484,218,538,207,355
301,497,217,542,206,346
301,511,216,546,206,338
300,524,216,551,206,330
300,538,216,557,206,322
300,551,215,562,205,315
300,564,214,567,205,308
300,575,214,573,205,302
299,586,220,567,205,295
298,595,219,572,204,290
297,604,219,577,204,284
296,613,218,583,204,279
295,622,218,588,204,274
294,630,215,592,204,269
294,638,215,597,204,265
292,645,219,603,203,261
291,651,219,607,203,258
289,656,220,611,204,254
288,660,219,614,203,252
287,664,215,615,203,249
285,667,215,617,203,247
284,669,215,620,203,245
282,670,215,621,203,244
281,671,215,623,203,243
280,671,215,625,203,242
279,671,215,626,203,242
278,670,216,627,203,242
278,668,216,628,202,242
277,666,217,628,203,242
277,663,217,628,202,243
277,659,218,628,202,245
277,655,219,627,202,246
278,651,219,625,202,248
278,645,220,624,202,250
279,638,221,622,202,252
281,630,222,620,202,255
281,621,223,617,201,258
282,611,224,614,201,262
284,600,226,610,201,265
286,588,227,605,201,270
287,576,229,600,201,274
288,562,231,595,200,279
288,549,234,590,200,284
289,536,238,584,200,289
290,523,241,578,200,295
290,511,245,572,200,301
290,498,248,567,200,307
291,486,252,562,199,314
291,474,254,557,199,320
292,463,255,553,199,328
293,452,258,550,198,335
294,441,259,547,198,343
295,430,261,543,198,352
295,420,264,540,198,360
296,410,265,536,197,368
297,400,265,536,196,378
297,391,264,535,196,387
298,381,264,533,195,399
299,373,263,536,195,408
299,365,264,534,196,418
300,357,266,538,195,427
301,348,265,544,195,438
301,341,266,549,195,449
302,333,266,556,194,461
303,326,267,562,194,473
303,320,267,567,194,487
303,314,269,572,194,501
304,308,270,577,194,511
304,302,270,583,193,522
305,297,271,588,192,532
305,292,272,594,192,539
306,287,271,599,192,546
306,283,272,604,192,553
307,279,272,609,194,560
307,275,272,613,195,567
307,272,272,617,197,574
308,269,272,621,196,580
308,266,272,623,196,587
309,264,272,625,198,595
309,262,272,628,200,603
309,260,273,630,200,613
310,259,272,631,202,621
310,258,273,631,202,629
310,257,273,632,204,638
311,257,273,632,205,644
311,257,273,632,207,648
311,258,272,632,208,651
311,258,272,631,209,654
312,259,272,630,210,656
312,261,271,629,210,657
312,262,270,626,211,657
313,264,270,624,211,656
313,267,269,622,211,655
313,269,268,618,210,653
313,273,267,615,210,650
313,276,266,612,210,646
314,279,265,608,210,642
314,284,264,604,209,636
314,288,263,599,208,630
314,293,262,594,208,622
315,298,259,590,208,613
315,303,257,584,207,603
315,309,255,578,207,591
315,314,252,573,206,581
315,320,249,568,206,568
315,327,246,562,206,556
316,334,244,557,207,545
316,341,242,553,207,533
316,349,239,550,205,521
316,357,237,547,206,509
316,366,235,544,206,496
317,374,233,541,208,485
317,383,230,538,208,472
316,392,228,535,208,460
317,402,225,532,207,448
317,412,222,530,207,438
317,422,221,528,208,428
317,432,219,525,208,418
317,443,218,525,208,407
317,454,217,524,208,397
317,465,218,526,209,388
316,477,220,526,208,379
316,489,220,529,206,371
316,501,218,532,206,361
316,514,218,536,205,353
315,527,217,540,205,345
315,539,216,546,204,337
315,552,215,550,204,329
314,563,214,554,203,322
314,572,213,559,203,315
314,582,213,564,203,309
313,592,213,570,202,302
312,599,212,576,202,297
311,608,222,568,201,291
310,616,222,574,201,286
309,624,221,579,201,281
308,632,221,584,200,276
306,639,220,590,200,272
305,645,214,592,199,268
302,650,213,597,199,264
300,654,214,603,199,261
298,659,214,608,198,258
297,661,214,613,198,255
294,664,214,617,197,253
291,666,214,620,197,251
289,667,214,624,196,250
287,668,215,627,196,248
286,667,215,629,195,248
284,666,216,631,195,247
283,666,216,632,195,246
282,664,216,633,194,246
282,664,216,634,194,247
281,662,217,635,193,247
281,660,218,635,193,247
281,657,218,635,193,248
281,654,219,635,193,250
281,651,220,634,192,252
281,645,221,633,191,253
282,640,222,630,191,256
282,634,222,628,191,259
283,625,224,626,190,261
283,616,224,623,190,265
284,606,226,619,189,269
284,595,226,615,189,273
286,583,228,610,188,277
287,570,230,604,188,281
288,558,232,599,188,286
287,545,233,592,187,293
287,532,236,585,187,298
287,520,239,579,186,304
287,507,241,571,185,310
287,495,246,564,185,317
287,483,249,558,185,324
287,471,252,553,184,331
288,460,253,548,184,339
288,449,255,544,183,347
288,438,256,539,183,355
288,427,258,536,182,364
288,417,259,531,182,373
288,406,260,526,182,382
288,397,261,524,181,392
288,387,261,518,180,402
289,378,262,516,180,412
289,369,261,516,181,423
289,360,261,518,180,434
289,352,261,519,179,445
290,344,261,520,178,456
290,336,261,523,178,467
290,328,262,527,178,482
290,321,262,531,177,494
290,314,263,535,177,507
290,308,263,539,175,523
290,302,264,543,175,534
291,296,264,547,176,542
291,290,265,551,176,552
291,285,265,555,178,560
291,280,265,560,180,568
291,275,266,565,181,574
291,271,267,569,183,582
292,267,267,574,185,587
292,263,267,580,185,593
292,260,267,584,188,602
292,257,267,589,191,611
292,254,268,593,192,619
292,252,268,598,193,625
292,250,268,602,195,632
292,248,269,605,197,638
292,247,269,608,199,644
292,246,270,611,201,649
292,245,270,613,203,653
292,245,270,615,205,656
292,245,270,616,206,658
292,245,269,617,208,659
292,246,269,617,208,660
292,247,269,618,209,660
292,248,268,617,209,660
292,250,268,617,209,659
292,252,266,616,209,657
292,255,266,614,209,655
292,257,265,612,208,652
292,260,264,610,207,648
292,264,262,607,207,644
292,268,261,604,206,637
292,272,259,600,205,629
292,276,257,596,204,620
292,281,255,592,204,611
291,286,253,587,203,601
291,292,251,583,203,590
291,298,249,578,202,580
291,304,247,571,203,568
291,310,245,566,201,554
291,317,242,561,201,544
290,324,240,557,201,533
290,331,238,553,201,522
290,340,235,550,202,509
289,348,232,547,203,498
289,357,231,547,203,486
289,365,228,544,203,475
289,375,226,544,203,464
288,385,224,542,203,453
288,395,223,541,202,444
288,405,221,539,203,435
288,416,219,537,202,425
287,427,218,536,202,415
287,438,217,535,202,407
286,450,216,537,201,398
286,461,216,539,201,389
286,474,217,541,201,382
285,487,217,545,201,374
285,499,218,548,200,366
284,513,218,552,199,358
284,526,218,554,199,352
283,539,218,558,199,345
283,553,218,561,199,339
282,565,218,563,198,333
281,576,219,565,198,327
280,585,218,569,197,322
278,594,219,572,198,318
277,602,219,576,197,313
277,610,219,580,197,308
277,618,218,584,196,304
277,625,216,586,196,301
276,632,216,590,196,297
276,639,215,594,196,294
275,645,214,598,196,292
275,650,214,602,196,289
274,655,214,606,195,287
274,659,213,609,195,286
273,663,213,613,195,284
273,665,213,615,195,283
272,668,213,618,195,283
272,669,213,620,194,283
272,670,213,622,194,283
272,670,213,623,194,283
272,670,213,624,194,284
272,669,213,624,193,284
272,668,213,625,193,286
272,666,214,625,193,288
272,663,214,625,193,290
272,660,215,624,193,292
273,656,216,623,192,295
273,651,216,621,192,298
274,646,218,619,192,301
276,639,218,617,191,305
276,631,219,614,191,309
277,621,221,611,190,314
279,611,222,607,190,319
279,601,223,602,190,323
280,588,226,597,190,329
281,576,227,591,189,335
282,562,229,585,189,340
282,549,231,579,189,347
282,535,234,572,189,354
283,521,236,565,189,361
284,509,240,559,188,369
285,496,242,554,188,377
285,483,243,550,187,385
286,470,246,545,187,394
287,458,248,542,186,403
287,447,249,538,186,412
288,436,251,534,186,421
289,424,253,530,186,431
290,413,255,526,185,442
291,402,258,522,185,452
292,392,258,520,185,463
292,382,259,519,185,474
293,372,258,516,185,486
294,362,260,515,184,498
295,353,260,517,183,512
295,343,260,519,183,527
295,335,260,521,182,540
296,326,261,524,181,550
297,318,261,527,181,561
297,310,262,530,182,571
298,303,262,534,181,580
299,296,263,537,182,589
299,289,264,540,183,598
299,283,264,543,184,606
300,276,265,547,185,613
300,270,266,551,186,621
301,265,266,555,187,629
301,260,267,560,188,637
301,255,267,563,189,644
302,250,267,568,190,651
302,246,267,572,191,657
303,242,268,576,193,661
303,238,269,580,194,666
304,235,269,585,196,669
304,232,269,590,198,672
304,229,270,593,199,674
305,227,271,596,201,675
305,225,271,600,202,676
305,223,271,603,203,677
306,222,271,605,204,678
306,221,271,607,206,678
306,220,271,609,206,678
307,220,271,610,207,677
307,220,271,611,208,676
307,220,270,611,208,674
307,221,270,611,208,672
308,222,269,610,208,670
308,223,269,609,208,666
308,225,268,608,208,662
308,227,267,607,208,656
309,230,266,604,207,650
309,233,265,602,208,643
309,236,263,600,208,633
309,239,262,596,207,623
309,243,261,591,208,611
309,248,258,587,207,600
310,252,256,582,206,588
310,258,253,576,207,577
311,263,250,571,206,563
311,269,247,565,205,549
311,275,245,561,205,537
311,281,242,555,207,524
311,288,240,551,209,511
312,295,237,549,210,497
312,303,235,547,211,485
312,310,233,545,211,472
312,319,232,544,211,460
312,327,230,541,211,449
313,336,229,539,212,438
313,346,226,536,212,428
313,356,224,534,213,417
314,366,222,533,213,406
314,377,221,534,213,397
314,387,219,534,214,387
314,399,218,535,214,379
314,410,220,537,213,370
314,422,219,540,213,362
314,434,220,542,213,353
314,447,220,545,213,345
314,459,220,549,212,337
314,473,220,553,212,330
314,487,220,555,212,322
314,501,220,559,212,316
313,515,225,557,212,310
313,528,225,561,212,304
312,541,224,565,212,299
313,552,224,568,212,293
311,561,223,573,212,288
309,570,220,575,212,283
308,579,220,580,212,279
307,587,219,584,212,275
306,596,218,589,212,272
305,603,218,593,212,269
303,612,218,598,212,265
301,619,217,602,212,263
300,627,216,606,212,260
298,633,216,610,212,258
296,640,215,613,212,257
295,647,215,616,212,255
294,651,215,619,212,254
292,656,215,622,212,254
290,660,215,625,212,253
288,663,215,627,212,253
286,665,216,629,212,254
284,667,216,630,212,254
283,667,216,632,212,255
282,667,216,633,212,256
282,667,217,634,212,258
281,666,218,634,211,260
281,664,218,635,211,262
281,662,219,634,211,264
281,659,219,634,211,267
282,656,220,633,211,270
282,652,221,632,211,274
283,646,221,631,211,277
283,640,222,629,211,281
284,633,223,627,211,285
285,625,225,624,211,290
286,616,225,621,211,294
286,604,226,617,211,299
287,593,228,613,211,305
288,581,230,607,211,311
288,569,232,601,211,317
288,555,234,595,211,323
288,543,238,589,211,329
288,530,241,582,211,337
288,518,244,576,211,343
288,506,247,570,212,350
288,496,250,563,212,359
288,484,252,557,212,367
288,473,255,552,211,375
288,462,256,547,212,383
288,451,260,542,212,391
289,441,262,537,211,400
289,431,264,532,211,408
289,421,264,529,211,419
289,412,265,524,210,429
289,403,266,521,210,438
290,394,264,521,210,448
290,385,264,520,210,459
290,377,264,522,210,469
290,370,265,524,210,481
290,362,265,529,209,494
290,355,266,532,208,503
291,348,267,536,210,515
291,342,269,541,209,523
291,335,270,545,207,529
291,329,271,550,207,535
291,324,272,556,207,540
291,319,273,561,207,546
291,314,274,566,206,552
291,309,275,572,206,559
291,305,275,578,206,567
291,301,276,584,206,575
291,298,276,589,206,583
291,294,276,595,206,593
291,291,276,601,206,602
290,289,276,605,207,611
290,287,276,611,207,619
290,285,275,615,207,627
290,283,275,618,208,634
290,281,275,621,208,640
290,280,275,623,209,646
290,280,275,625,209,651
289,279,274,627,210,654
289,279,274,628,210,657
289,279,274,629,210,658
289,280,273,629,210,660
289,281,272,629,210,660
288,282,272,629,210,660
288,284,270,628,210,659
288,286,270,627,210,657
287,288,268,624,210,654
287,291,268,622,209,652
287,293,266,619,209,649
286,296,264,616,208,644
286,300,262,612,208,639
286,304,261,608,207,632
286,308,259,603,207,625
285,312,257,598,205,616
285,317,255,592,205,605
284,322,253,587,205,595
284,327,250,581,204,584
284,333,246,575,204,572
283,339,243,569,204,560
283,346,240,564,203,549
283,353,238,559,203,538
283,360,235,554,203,528
282,367,233,550,204,515
282,375,230,546,206,502
281,383,228,543,207,491
281,391,225,541,207,479
281,400,223,537,207,468
280,408,220,534,208,456
280,417,218,532,209,446
279,426,215,529,209,436
278,436,213,529,208,427
278,446,212,528,208,417
276,456,212,528,208,407
276,467,213,528,209,398
276,478,214,529,208,390
275,489,214,532,208,382
275,500,214,535,208,374
274,512,215,539,208,366
274,523,216,542,207,359
274,535,216,546,205,351
274,547,215,550,205,344
273,559,215,554,204,337
274,568,214,558,204,331
274,576,214,561,204,325
273,582,213,565,204,319
272,589,213,571,204,314
273,597,212,576,204,309
274,605,212,581,204,304
275,613,211,586,203,300
276,620,211,591,203,296
276,627,211,596,204,292
276,633,211,601,203,288
275,639,211,606,203,285
275,645,211,611,203,282
274,649,211,616,203,280
274,653,211,621,204,277
274,656,210,625,203,275
273,658,210,630,203,274
273,660,210,634,203,273
272,661,210,637,203,272
272,661,210,640,203,271
272,661,211,642,203,271
272,661,211,644,203,272
272,660,212,646,203,272
273,658,212,647,203,273
273,656,212,647,203,273
274,654,212,648,203,275
275,650,213,648,203,277
275,646,214,647,203,279
276,641,214,646,203,281
277,636,215,644,202,283
279,629,216,643,202,286
279,621,217,640,202,289
281,611,218,637,202,293
281,602,220,634,202,297
282,591,221,630,202,301
283,580,222,626,202,306
283,568,224,620,202,311
284,556,225,615,202,316
285,545,228,608,202,321
285,532,230,601,201,327
285,520,232,594,201,333
285,508,236,586,201,339
286,497,239,578,201,346
286,485,242,571,201,353
286,474,244,562,200,360
287,462,247,557,200,368
287,451,249,550,201,376
288,441,252,544,200,385
288,431,254,537,200,393
288,421,257,531,199,403
289,411,260,526,199,411
289,402,261,521,198,421
290,393,261,516,198,431
290,384,261,513,199,441
290,376,260,511,199,450
291,368,261,510,198,462
291,360,261,511,198,472
292,352,260,514,198,485
292,345,260,517,197,499
292,338,259,521,197,510
293,331,259,525,196,524
293,325,260,529,194,535
294,319,260,533,195,548
294,313,260,537,198,559
294,308,261,542,196,567
294,303,261,545,196,573
295,298,262,549,197,580
295,294,262,553,198,586
295,290,263,557,199,593
296,286,263,561,199,600
296,283,264,566,200,606
296,280,265,570,200,614
296,278,265,575,200,621
297,275,265,579,201,628
297,273,266,584,201,634
297,271,266,588,202,640
297,270,266,592,203,645
298,269,267,595,204,650
298,268,267,598,205,655
298,268,267,601,206,658
298,268,267,604,207,660
298,268,267,606,207,661
298,269,267,608,208,662
298,269,267,610,208,662
298,271,267,611,209,662
298,272,266,612,208,661
299,274,266,612,209,659
299,276,266,612,208,658
299,278,266,612,208,655
299,281,265,611,207,651
299,284,264,609,208,647
299,288,263,607,207,642
299,292,262,605,206,635
299,295,260,602,205,628
299,300,259,598,205,618
299,304,257,594,204,609
299,309,254,590,204,598
299,314,251,585,204,589
299,320,249,581,204,577
299,326,246,576,203,563
299,332,243,571,203,551
299,338,240,567,203,539
299,345,237,564,203,526
299,352,235,561,206,514
299,359,233,557,206,502
299,367,231,554,207,490
299,375,228,551,207,477
298,383,225,549,208,465
298,391,223,546,208,454
298,400,220,545,208,443
298,409,219,543,208,433
298,419,217,542,208,422
298,428,215,541,209,412
298,438,214,541,209,401
297,448,215,542,209,392
297,459,216,545,209,383
297,469,217,547,208,375
297,480,218,550,208,365
297,492,218,555,208,356
296,503,218,559,207,347
296,514,216,564,207,339
295,526,215,568,207,331
295,538,215,573,206,324
295,550,214,578,206,317
295,563,222,571,206,309
295,572,221,575,206,303
294,581,220,580,206,297
294,588,220,585,206,290
292,596,219,590,206,285
291,603,219,595,205,280
292,610,219,600,206,275
291,617,219,605,206,270
291,625,220,609,206,266
290,631,220,612,206,262
289,637,220,617,206,258
288,641,220,620,206,255
286,645,220,623,206,251
284,649,220,626,206,249
283,653,220,629,206,247
281,655,220,631,206,244
281,658,220,632,206,243
279,658,220,634,206,241
278,659,220,635,206,240
277,659,221,636,206,240
277,659,222,636,206,239
276,657,222,636,206,239
276,655,223,636,206,240
276,653,224,635,206,241
276,650,224,634,206,242
276,646,226,633,206,243
276,641,227,632,206,245
277,634,227,629,206,247
277,627,229,626,206,250
277,619,228,624,206,253
279,610,229,621,206,256
280,600,230,617,206,260
280,590,231,612,206,264
281,578,232,607,206,269
283,566,234,601,206,273
284,554,236,595,206,279
283,541,239,588,205,285
282,529,240,581,205,291
282,517,242,574,205,297
283,505,244,565,205,304
283,494,245,558,205,312
283,482,247,552,205,319
283,471,258,551,204,328
283,460,263,550,204,336
283,449,263,546,204,345
283,438,264,543,205,354
284,428,265,540,205,365
284,418,266,536,205,375
284,409,267,533,205,385
284,399,268,529,205,396
284,390,268,528,204,407
284,381,267,527,203,421
285,373,266,528,202,432
285,364,264,527,202,445
285,356,264,528,202,457
285,349,263,530,202,471
285,341,262,532,202,485
286,334,262,534,201,500
286,327,263,537,201,515
286,321,263,539,200,529
286,315,264,542,198,547
287,309,264,546,198,560
287,304,263,548,199,574
287,298,264,552,198,583
287,294,264,556,200,590
287,289,264,559,203,597
287,285,264,563,203,604
287,281,264,567,204,613
287,277,264,571,205,620
288,274,264,575,208,629
288,271,265,578,209,636
288,269,264,582,210,642
288,266,265,586,211,649
288,264,265,590,212,655
288,263,266,593,212,660
288,261,265,596,212,664
288,260,265,599,212,668
288,260,265,602,213,672
288,259,265,604,213,676
288,260,265,606,214,679
287,260,265,608,214,682
287,261,264,610,215,683
287,262,264,611,215,684
287,263,264,611,216,685
287,265,263,612,216,685
287,267,262,613,215,685
287,269,261,613,215,683
287,272,261,613,214,682
286,275,260,612,213,680
286,278,259,611,212,677
286,282,258,610,211,674
286,286,257,609,209,670
286,290,256,607,208,665
286,295,255,604,207,660
285,300,253,602,206,653
285,305,252,599,204,645
285,311,251,596,203,636
285,317,249,591,202,625
285,324,248,587,201,612
285,331,246,581,201,601
284,337,244,576,202,589
284,345,242,573,201,577
284,353,240,568,200,563
283,361,237,565,200,552
283,370,235,561,199,540
282,379,232,559,199,527
282,388,229,558,201,515
281,397,227,557,201,501
281,407,225,555,202,489
281,417,224,554,201,476
280,427,222,553,200,462
280,438,220,552,200,451
280,449,218,550,199,440
279,461,217,550,198,429
279,473,216,550,199,419
278,485,216,550,197,409
278,497,216,550,197,399
277,510,217,551,196,389
277,523,218,552,196,379
277,536,220,554,194,371
277,549,221,557,194,361
277,563,221,560,194,353
278,573,221,563,193,345
278,582,222,567,193,337
276,590,222,571,192,329
274,597,222,575,191,322
273,604,224,571,191,315
275,610,224,575,190,309
276,617,223,579,189,302
277,624,222,583,189,297
278,631,222,588,189,291
277,637,221,591,188,286
276,642,221,595,188,282
276,646,221,599,187,277
276,650,220,602,187,273
275,654,220,605,186,269
274,657,220,609,186,266
274,660,219,613,185,263
273,661,219,617,185,260
273,663,219,619,184,258
273,665,219,622,184,256
272,666,219,624,184,254
272,666,219,626,183,253
272,666,219,627,183,252
272,666,219,629,182,252
272,665,219,629,182,251
273,663,220,630,182,251
273,661,220,630,181,252
274,658,221,630,181,253
275,654,221,629,180,254
275,649,221,629,180,255
276,644,222,627,179,257
277,637,223,625,179,259
277,629,223,623,178,262
278,619,225,620,178,265
279,608,225,617,178,268
280,597,227,613,177,271
281,584,227,608,176,275
282,572,229,604,176,279
282,559,229,599,175,284
283,545,231,593,175,289
282,532,233,587,174,294
283,519,234,580,174,300
284,507,236,573,173,306
284,494,240,567,173,312
285,482,243,561,172,319
285,470,250,556,171,326
286,459,253,551,171,333
286,447,255,547,170,341
287,436,257,546,170,349
288,425,258,544,169,358
288,414,259,542,169,367
289,404,259,539,168,375
290,394,260,536,167,385
290,384,260,535,167,394
291,374,259,534,166,405
292,365,259,536,166,415
292,356,257,537,166,426
293,347,257,539,165,437
293,338,256,541,164,448
294,330,256,544,164,460
295,323,256,547,163,472
295,315,261,530,163,484
296,308,261,534,161,498
296,301,262,540,160,512
296,294,263,545,161,527
297,288,263,550,162,539
297,282,263,556,161,550
298,276,262,561,160,558
298,271,264,567,162,568
299,266,265,573,161,578
299,262,265,579,163,586
299,258,264,584,166,595
300,254,264,590,167,602
300,250,264,595,170,609
300,247,257,586,172,617
301,244,257,590,175,625
301,241,259,595,177,633
302,239,260,598,180,640
302,237,260,602,182,646
302,236,260,606,185,653
303,235,260,609,188,658
303,234,260,611,190,662
303,234,261,613,194,666
304,234,261,615,197,668
304,234,261,616,199,670
304,235,261,617,201,671
305,235,261,618,203,671
305,237,261,618,204,671
305,239,261,617,205,670
306,241,261,617,206,669
306,243,260,616,207,668
306,246,260,614,207,665
306,249,259,612,208,662
307,253,258,610,208,659
307,257,257,608,207,655
307,261,255,605,207,650
308,266,254,601,206,643
308,271,252,597,206,635
308,276,250,592,206,625
308,282,250,587,205,614
308,288,248,582,204,604
309,295,246,577,204,592
309,302,244,572,203,580
309,309,243,566,203,567
309,317,241,562,202,554
309,325,241,556,201,542
309,333,239,553,200,529
310,342,239,549,202,516
310,352,235,547,201,502
310,362,232,547,202,491
310,372,231,545,201,478
310,382,230,544,200,464
310,393,229,541,199,453
310,404,227,539,198,442
310,415,225,537,198,433
310,427,223,536,198,421
310,439,222,534,198,411
310,451,221,532,197,401
310,464,222,531,196,391
310,477,220,531,195,381
310,491,219,534,194,372
309,505,219,537,194,364
309,520,220,540,194,356
309,534,219,543,193,347
308,549,219,546,192,339
308,563,219,548,192,332
309,579,219,551,191,325
309,591,219,553,190,318
309,601,218,556,190,312
308,610,217,560,189,305
308,618,217,563,189,300
307,626,216,567,188,294
307,632,216,571,188,289
307,637,215,574,187,284
306,642,214,579,186,280
304,647,213,583,186,276
302,651,213,587,185,272
299,655,211,592,185,268
298,658,210,597,185,266
295,662,209,603,184,263
293,666,208,608,184,260
291,668,207,615,183,258
289,671,206,619,182,256
287,673,206,625,182,255
285,675,206,629,182,254
283,676,205,634,181,252
281,677,205,638,180,252
280,678,205,641,180,252
279,678,205,644,179,252
278,678,206,646,178,253
278,678,206,648,178,253
278,678,206,650,178,254
277,677,207,651,177,255
278,676,208,651,176,257
278,674,208,652,176,259
278,672,209,652,175,261
278,669,210,651,174,264
278,665,211,650,174,267
279,659,211,648,173,270
280,653,213,646,172,274
281,645,213,644,172,277
282,637,215,640,171,282
283,627,216,636,171,286
284,616,217,631,170,291
285,603,219,626,169,296
286,591,220,620,169,302
287,579,222,613,168,307
286,565,224,606,167,313
286,551,228,598,167,320
285,537,230,590,166,326
286,524,233,581,165,333
286,511,237,573,164,340
286,499,240,565,164,348
286,486,243,558,163,356
287,474,245,552,162,363
287,463,247,545,162,372
287,450,250,538,162,380
288,439,252,532,161,390
288,428,255,525,160,399
288,417,257,519,160,408
288,406,258,514,159,418
289,396,256,508,158,429
289,386,256,505,158,438
289,376,256,504,157,449
289,367,256,503,156,460
289,358,257,502,156,471
290,349,257,505,155,483
290,341,257,510,155,495
290,332,257,514,155,507
290,324,258,518,154,523
291,317,259,523,153,533
291,310,259,528,153,541
291,303,260,533,154,547
291,297,260,538,155,554
291,291,261,543,155,561
291,286,261,549,156,568
292,280,262,555,157,574
292,275,263,560,158,581
292,270,263,565,160,587
292,266,264,571,161,596
292,262,264,577,163,604
292,258,264,584,165,612
292,255,265,590,167,620
292,252,265,597,169,628
292,249,265,602,172,635
292,247,265,608,174,642
292,245,265,613,177,648
292,243,266,618,179,652
292,242,266,621,182,656
292,241,266,624,184,659
292,240,266,626,187,662
291,240,266,628,190,663
292,240,265,629,192,664
291,240,265,631,194,664
291,241,265,631,196,664
291,242,264,632,197,665
291,243,264,631,198,663
291,245,263,630,199,661
291,247,263,629,199,659
290,249,262,627,200,655
290,252,261,624,200,651
290,255,260,621,199,646
290,259,259,618,198,640
289,262,257,614,198,632
289,266,256,609,197,624
289,271,254,604,196,615
289,275,252,600,195,604
289,280,250,594,195,593
288,285,247,588,195,580
288,291,245,582,195,568
288,297,243,576,194,555
287,304,240,571,194,542
287,310,238,565,193,530
287,317,235,561,194,518
287,325,233,556,195,504
287,333,232,552,196,491
286,341,230,548,197,479
286,349,227,545,197,465
286,358,225,541,197,453
285,367,223,539,196,442
285,376,221,536,197,431
285,385,219,534,196,420
284,395,216,531,196,410
283,406,214,529,195,398
283,417,213,527,195,388
283,427,212,527,195,378
282,438,213,529,194,368
282,450,213,532,194,358
281,462,213,535,194,349
281,474,213,539,194,340
280,486,214,543,194,332
280,498,213,547,194,323
279,511,212,549,194,315
279,524,213,554,194,308
278,537,212,557,193,300
278,550,212,561,193,293
277,563,211,565,193,286
277,572,211,569,193,280
274,580,211,572,193,274
272,589,209,576,193,268
271,597,209,581,193,263
272,605,208,585,193,258
272,612,207,588,193,253
271,620,206,593,193,249
272,627,206,598,193,245
271,633,206,602,193,241
272,638,206,607,192,237
271,643,206,611,192,234
270,647,206,615,192,232
270,651,206,619,192,229
270,655,206,623,192,227
270,658,205,625,192,225
269,660,206,628,192,224
269,662,206,631,192,223
269,663,206,633,192,222
269,663,206,634,192,222
269,662,206,636,192,222
270,661,206,637,191,222
270,659,207,638,191,223
270,657,208,637,191,224
271,654,209,637,191,225
271,650,210,636,191,227
272,645,211,635,191,229
273,639,212,633,191,232
273,631,213,630,191,235
274,622,214,627,190,238
275,613,215,624,190,241
276,603,217,620,190,245
275,592,219,616,190,249
277,579,221,610,190,254
278,568,223,604,190,259
279,555,225,598,190,264
280,543,228,591,190,270
279,530,231,584,189,276
279,518,233,578,189,282
280,506,236,571,189,289
280,494,240,564,188,296
280,483,243,559,188,304
280,471,245,552,188,311
280,461,248,546,187,319
280,450,251,541,187,328
280,439,253,537,187,337
281,429,255,532,186,347
281,419,258,527,186,356
281,409,259,524,186,366
282,399,259,522,185,377
282,391,260,518,185,390
282,382,259,519,185,401
282,373,259,520,185,412
283,366,258,521,184,424
283,358,258,524,184,436
283,350,257,528,183,449
283,343,257,534,183,460
283,336,256,539,183,474
283,329,256,545,183,488
283,323,257,550,183,502
283,317,257,556,182,519
283,312,258,562,180,534
283,307,257,565,180,547
284,302,258,570,179,560
284,298,259,574,180,571
284,294,260,579,182,581
284,290,260,584,186,593
284,286,261,588,187,603
284,283,261,592,189,612
284,280,262,596,190,620
284,277,263,600,192,629
285,275,264,604,193,637
285,273,264,607,195,645
285,272,265,610,196,652
285,271,266,613,198,658
285,270,266,615,198,664
285,269,267,616,200,668
285,269,267,617,202,670
285,269,267,618,203,672
285,269,267,618,205,674
285,270,267,618,206,675
285,271,267,618,207,676
285,272,266,617,208,676
285,274,266,616,209,675
285,276,265,615,209,674
285,278,265,613,209,671
284,281,264,612,209,669
284,284,263,610,209,666
284,287,262,607,208,663
284,290,261,604,208,659
284,294,260,601,207,653
284,299,258,598,206,646
284,303,256,594,205,637
284,308,254,590,205,627
284,313,252,585,205,616
284,318,249,580,204,605
283,324,247,576,204,594
283,330,243,571,203,580
284,336,240,566,202,567
283,343,241,561,202,556
283,350,236,559,201,542
283,357,232,557,201,530
283,364,229,555,202,517
283,372,227,554,202,504
283,380,226,552,203,492
283,388,224,550,203,477
282,396,222,548,203,466
281,405,219,546,202,453
281,414,217,545,202,443
281,424,217,545,203,431
281,433,216,544,202,419
280,443,216,544,202,409
280,454,217,543,202,398
280,464,218,543,202,388
280,475,219,545,201,379
279,486,221,549,200,369
279,497,219,554,199,359
278,508,219,557,198,351
278,520,217,563,199,343
277,532,216,567,198,334
277,543,216,572,197,326
276,555,216,577,197,319
275,565,215,582,197,312
275,573,214,588,196,305
274,580,213,593,196,299
273,589,226,586,196,292
274,596,226,591,196,287
274,605,226,595,195,282
275,613,225,599,195,276
275,620,226,603,195,272
275,628,226,606,195,267
275,633,226,610,195,263
275,638,226,613,195,259
275,643,226,616,195,256
275,647,226,619,195,253
275,651,225,620,195,250
274,654,225,622,195,248
274,657,225,623,194,245
274,659,225,624,194,244
274,660,225,625,194,243
274,660,225,626,194,241
274,660,225,625,194,241
274,658,226,625,193,241
274,656,227,625,193,241
274,653,227,623,193,241
274,648,228,621,193,241
275,643,229,619,192,243
275,637,229,617,192,244
276,630,229,613,192,246
276,621,231,610,191,247
276,612,232,606,191,250
277,601,232,601,190,253
277,590,230,596,190,255
279,578,231,591,190,259
279,565,233,586,189,263
281,553,234,580,189,267
281,540,239,574,188,271
280,527,243,569,188,276
280,515,249,566,187,281
281,502,252,563,187,286
281,491,255,561,186,292
281,479,256,558,186,298
281,467,258,555,185,305
281,456,259,552,184,312
282,445,260,549,184,319
282,434,262,547,184,327
282,424,262,544,183,334
282,424,262,544,183,334
282,413,264,542,182,343
282,404,265,541,182,352
283,394,265,540,181,360
283,384,265,542,181,370
284,375,263,543,181,380
284,367,262,546,180,389
284,358,260,547,179,400
285,350,257,549,178,410
285,342,253,549,178,421
285,334,250,552,177,432
286,327,252,551,177,444
286,321,252,555,177,455
286,314,254,559,176,467
287,308,255,563,175,480
287,302,252,566,174,494
287,296,252,570,174,507
288,291,253,575,174,523
288,286,255,577,174,535
289,281,255,581,176,546
289,277,257,585,176,555
290,273,257,590,177,565
290,269,258,593,179,575
290,266,259,598,181,584
291,263,259,601,182,593
291,260,260,605,185,601
292,258,261,608,187,609
292,256,261,611,188,618
293,254,264,614,190,626
293,253,264,616,192,634
293,252,264,618,193,642
294,251,265,620,195,648
294,251,265,622,197,654
294,251,266,623,199,659
294,251,267,624,201,663
295,251,266,625,203,666
295,252,266,625,204,667
295,254,266,625,205,668
296,255,266,624,206,669
296,257,265,623,207,670
296,259,265,621,207,669
296,261,264,620,208,668
297,265,263,617,208,667
297,268,263,615,207,664
297,271,262,612,207,662
298,275,261,610,206,657
298,279,260,606,206,653
298,283,257,603,205,646
298,288,258,600,205,638
298,293,257,596,204,630
299,299,255,592,205,620
299,304,255,587,204,610
299,310,253,582,203,599
299,316,251,576,202,588
299,323,248,571,202,576
299,330,245,565,203,564
300,337,242,561,201,550
300,345,239,556,201,538
300,352,237,552,201,527
300,361,234,551,202,515
300,369,231,550,203,503
300,378,229,548,204,492
300,387,228,546,205,479
300,396,227,544,204,467
300,406,226,542,203,455
300,416,224,540,203,446
300,426,222,538,203,435
299,436,220,537,202,426
299,447,219,535,202,416
299,458,218,534,201,406
299,469,218,535,201,398
299,481,219,536,201,389
299,493,220,538,201,380
298,505,220,536,201,372
298,517,219,540,199,364
298,530,219,543,200,356
297,542,219,546,200,350
296,554,219,550,200,342
296,563,219,554,200,336
295,572,219,558,200,330
294,582,219,562,200,324
293,590,219,567,200,319
292,597,219,571,199,313
292,605,219,576,199,309
292,612,219,581,200,304
292,619,219,586,200,300
291,626,218,591,200,296
292,633,218,596,200,293
290,638,224,591,200,290
289,644,223,595,200,287
288,648,223,598,200,284
287,652,223,601,200,282
286,656,223,605,200,280
285,659,222,608,200,279
284,660,222,610,200,278
282,661,222,613,200,277
282,662,223,615,200,276
281,661,222,615,199,276
281,661,223,616,199,276
280,659,223,616,199,277
280,657,223,616,199,278
280,654,223,615,199,279
280,649,224,615,199,280
281,645,224,614,199,282
281,639,226,613,199,284
282,632,226,611,199,286
282,624,227,608,199,289
282,614,228,604,198,292
283,604,229,600,198,296
284,593,228,596,198,299
284,581,229,591,197,303
285,569,230,586,197,307
287,556,233,581,197,312
286,543,235,575,197,317
286,530,238,570,196,322
286,518,243,565,196,328
286,505,247,561,196,334
286,494,250,558,195,340
286,482,251,554,196,347
286,470,253,551,195,354
286,459,254,547,195,361
286,449,256,544,194,368
286,437,258,541,194,376
286,427,260,538,194,384
286,416,262,536,194,392
287,406,263,534,193,401
287,397,263,534,193,410
287,387,261,536,193,419
287,378,259,537,193,428
288,370,260,535,192,437
288,361,259,538,191,447
288,353,260,533,192,457
288,345,261,538,191,468
288,337,262,542,191,480
288,330,263,546,191,492
288,323,263,551,191,503
289,317,265,555,190,515
289,311,267,560,190,529
289,305,268,564,189,539
289,299,268,569,187,547
289,294,273,575,187,556
289,289,274,580,189,564
290,284,275,585,190,572
290,280,276,590,191,579
290,276,278,596,192,587
290,272,270,595,193,595
290,269,272,591,194,603
290,266,273,598,194,610
290,263,274,599,194,619
290,261,274,602,195,626
290,259,273,604,196,633
290,257,274,607,198,639
290,256,274,610,199,644
290,255,273,612,201,651
290,254,273,613,203,654
290,254,273,614,204,657
290,254,273,616,205,660
290,254,272,616,207,662
290,254,272,616,207,664
290,255,272,616,208,665
290,256,271,616,209,665
290,258,270,615,210,664
290,260,269,614,210,663
290,262,268,612,210,662
290,264,267,611,210,660
290,267,266,609,210,657
290,270,265,606,210,655
290,273,264,604,210,651
290,277,263,601,209,646
290,281,262,599,209,639
289,285,260,596,208,631
289,290,258,590,208,622
289,295,257,586,208,611
289,300,256,582,207,601
289,306,255,577,206,589
289,311,253,572,206,578
288,317,251,567,206,565
288,324,249,563,204,552
288,331,246,558,204,540
288,338,244,555,205,530
288,345,242,552,204,517
288,352,240,549,204,505
287,360,236,546,206,492
287,368,234,544,207,480
286,377,232,543,207,467
286,386,230,541,207,455
286,394,229,539,207,444
285,404,227,538,207,433
285,413,225,536,207,423
285,423,222,536,207,413
284,433,220,534,208,402
284,443,220,535,207,394
284,454,220,536,207,384
283,465,220,538,207,375
283,475,220,542,206,366
283,487,220,546,206,357
282,499,220,550,204,348
282,511,220,553,204,340
281,522,219,558,204,332
281,534,220,562,203,325
280,547,225,562,203,317
280,557,224,566,203,311
280,566,223,573,203,304
280,575,222,578,202,298
277,583,221,582,202,292
276,590,220,586,202,287
277,598,219,588,201,281
277,605,213,591,201,276
278,612,212,596,201,272
279,620,211,601,201,267
278,627,210,605,200,264
278,633,210,610,200,260
278,638,210,614,200,257
279,643,210,617,199,254
278,648,210,621,199,251
278,652,209,623,198,249
278,655,209,626,198,247
278,658,209,629,198,245
278,660,209,631,198,244
278,662,209,632,198,243
277,662,209,634,197,243
277,662,209,635,197,242
277,660,210,635,197,242
277,659,210,635,196,243
277,656,211,636,196,244
277,652,211,634,196,245
278,647,212,634,195,246
278,642,213,632,195,248
279,636,213,630,195,250
279,628,214,628,194,252
280,619,215,625,194,255
281,609,216,622,194,258
281,600,217,618,193,262
282,589,219,614,193,266
284,577,221,610,193,270
284,564,222,605,192,274
284,551,225,600,192,279
284,538,227,595,192,284
284,526,230,589,191,290
284,513,232,582,191,296
284,502,235,576,191,302
284,490,240,569,190,309
285,478,244,563,189,316
285,467,247,558,189,323
285,456,251,553,189,330
285,445,252,550,188,339
285,434,254,546,188,347
285,424,256,542,187,355
285,413,258,538,187,365
286,403,261,534,187,374
286,393,263,530,187,384
286,384,264,528,186,395
286,375,263,529,186,405
287,367,262,528,185,416
287,358,262,529,185,426
287,350,261,532,184,438
287,342,264,538,184,450
288,335,262,530,183,461
288,327,262,534,182,473
288,321,264,539,181,486
288,314,263,544,180,501
289,308,266,548,181,516
289,303,267,553,179,530
289,297,269,558,179,544
290,292,270,564,180,556
290,287,270,568,180,564
290,282,268,573,180,575
291,278,268,578,181,584
291,274,268,584,182,593
291,271,266,588,184,602
291,267,267,590,184,611
292,265,268,595,186,618
292,262,268,600,187,627
292,260,269,603,188,636
292,258,268,608,190,644
292,256,269,611,192,652
292,255,269,616,193,659
293,254,269,618,194,664
293,254,269,621,197,669
293,253,269,624,199,672
293,253,269,626,201,676
293,254,268,627,202,678
293,254,268,629,203,679
293,255,268,630,204,679
293,257,267,630,204,680
293,259,267,630,204,679
293,261,267,630,204,679
294,263,267,630,204,678
294,266,266,629,204,677
294,269,265,628,204,675
294,272,265,626,203,673
294,276,263,624,202,670
294,279,262,622,201,666
294,284,261,620,201,662
294,288,260,616,199,657
293,294,259,613,197,651
293,299,257,609,195,643
293,305,256,604,195,632
293,311,254,599,194,621
293,317,251,594,194,609
293,323,249,589,193,597
293,330,248,582,193,585
292,337,246,576,193,573
293,345,243,570,192,559
292,353,241,564,191,545
292,361,238,560,191,533
292,369,236,555,193,518
292,378,233,552,193,504
292,387,230,550,194,492
292,396,228,546,193,478
292,406,227,543,193,465
291,416,225,541,193,453
291,426,223,539,192,441
291,436,221,536,192,429
290,447,219,534,192,417
290,458,217,531,191,405
290,470,215,530,191,394
289,481,213,531,190,383
289,493,213,531,190,373
288,506,213,532,190,362
288,518,213,534,190,353
288,531,213,537,190,343
287,543,212,540,190,333
287,556,212,543,190,324
286,569,211,545,189,315
286,582,212,549,190,307
285,589,211,553,189,299
282,596,211,557,189,291
281,603,211,561,189,284
281,610,210,565,189,277
281,617,211,568,189,270
282,625,211,572,189,264
282,631,210,577,189,258
282,637,211,580,189,252
282,643,211,585,189,247
281,648,210,590,189,242
281,652,210,596,189,237
281,657,207,599,189,232
280,660,207,604,189,228
279,663,207,610,189,224
279,666,207,615,190,221
279,668,207,619,189,218
279,669,207,624,189,215
279,670,207,628,190,213
279,670,207,632,190,211
279,670,206,636,189,209
279,670,207,639,189,208
279,669,207,641,189,207
279,667,208,644,189,206
279,665,208,646,189,205
279,661,209,647,189,205
279,657,210,647,188,206
280,653,211,647,188,206
280,647,212,647,188,207
281,641,213,646,188,209
281,633,214,644,187,210
282,625,215,642,187,213
283,616,217,639,187,215
282,605,219,635,187,218
283,593,221,632,186,221
283,582,223,627,186,225
284,570,225,622,185,229
284,558,227,617,185,233
284,546,230,610,184,238
283,533,233,604,184,243
283,522,235,596,183,248
282,510,239,588,183,254
282,499,243,581,182,260
282,488,248,574,182,266
282,477,251,567,182,273
282,466,254,561,181,280
282,456,258,554,180,288
281,446,260,550,180,296
281,436,262,545,179,305
281,426,266,539,179,314
281,416,268,534,179,323
282,407,269,532,178,333
282,398,267,530,178,343
281,389,267,526,177,354
282,381,267,528,177,365
282,373,268,530,176,375
282,365,268,533,176,387
282,358,268,536,175,399
281,351,269,542,175,411
281,344,270,548,175,424
282,338,271,554,173,436
282,332,271,560,173,449
282,326,272,565,174,462
282,320,272,570,173,475
282,315,274,576,173,490
282,310,275,581,172,507
282,305,275,587,173,524
282,301,274,593,173,539
282,297,274,598,174,553
282,294,274,602,173,563
282,290,273,607,174,576
282,287,273,611,174,586
282,285,273,613,176,596
282,283,273,616,178,604
282,281,272,619,180,614
282,279,272,621,180,623
282,278,272,623,183,633
282,277,272,625,184,641
282,277,272,626,186,649
282,276,271,627,189,656
282,276,270,628,190,662
282,277,270,628,190,667
282,277,269,628,192,670
281,279,268,628,193,673
281,280,267,628,194,675
281,282,266,627,195,677
280,284,266,626,196,678
280,286,264,624,196,678
280,289,263,623,196,678
280,292,262,621,195,678
280,296,260,618,194,676
279,300,259,616,193,673
279,304,257,613,192,671
279,308,255,609,191,667
279,313,254,605,189,663
279,319,252,600,188,657
278,324,250,596,187,650
278,330,247,590,185,642
278,336,245,584,184,632
277,342,243,578,183,621
277,350,241,573,183,609
277,357,239,567,182,596
276,365,237,562,181,583
276,373,235,558,181,570
276,381,233,555,181,557
276,390,231,552,180,545
275,399,229,549,181,533
274,409,227,547,182,521
274,418,225,544,183,506
274,427,223,542,183,492
273,437,221,539,183,478
273,448,219,537,183,466
272,459,216,535,182,451
271,471,214,534,182,439
271,482,212,533,182,427
270,494,211,532,183,416
269,506,209,532,182,404
269,519,208,533,182,393
269,531,208,535,181,383
269,544,208,534,181,373
268,557,208,535,181,363
267,571,207,533,181,352
267,584,207,536,181,342
268,593,207,539,181,333
267,600,207,543,182,324
266,607,207,547,182,315
266,614,206,551,182,307
266,620,206,556,182,298
268,627,206,560,183,290
268,634,211,563,183,283
269,641,210,567,183,276
270,646,210,572,183,269
270,651,210,574,183,263
270,655,209,576,183,257
270,659,208,581,184,251
270,662,206,585,184,245
269,665,206,592,185,241
269,668,206,597,185,236
269,670,206,602,185,231
269,671,206,606,186,227
269,673,206,611,186,223
269,674,205,615,186,220
269,675,205,618,186,217
270,675,205,621,187,214
270,675,205,624,187,212
271,674,205,625,188,210
272,673,206,627,188,209
272,671,206,628,188,208
274,669,207,629,188,207
275,665,208,629,188,207
275,661,209,629,188,207
277,656,210,628,188,207
278,649,212,627,188,208
280,641,214,625,189,209
281,632,215,622,189,210
281,621,217,619,189,212
283,609,219,615,189,214
284,597,220,610,189,217
285,583,222,606,189,220
285,569,225,600,189,224
285,555,227,594,189,228
284,540,230,588,188,232
285,527,232,581,188,237
285,513,235,574,188,242
285,500,240,568,188,247
285,486,248,563,188,254
285,473,256,572,187,260
286,461,258,567,188,267
285,449,261,563,187,274
286,436,261,554,187,282
286,424,263,553,187,290
287,413,264,550,187,299
287,401,265,547,186,308
288,390,264,545,186,319
288,379,264,544,186,329
288,369,263,543,186,339
289,359,263,543,186,350
289,349,262,543,185,361
289,339,262,544,185,373
290,330,262,546,184,385
290,321,262,548,184,398
290,312,262,550,184,411
290,304,262,553,184,424
291,296,263,555,184,438
291,288,264,558,184,452
291,281,265,561,184,466
291,274,266,565,184,483
291,268,265,569,184,500
291,261,266,574,183,518
291,255,266,578,183,532
291,250,266,582,182,551
291,245,265,586,183,567
291,240,265,590,185,582
291,235,265,593,187,594
291,231,266,597,190,603
291,227,266,600,191,610
291,223,267,604,194,621
291,220,267,607,194,630
291,217,268,610,197,641
291,214,268,612,199,650
291,212,268,615,200,659
291,210,269,618,201,667
291,209,268,621,201,671
291,207,268,624,201,676
291,207,268,626,202,681
291,206,268,628,203,686
291,206,267,629,204,688
291,206,267,630,205,691
290,207,267,630,206,693
290,208,266,632,208,695
290,209,265,631,209,696
290,211,265,632,210,696
290,213,264,632,210,696
289,215,264,631,210,695
289,217,263,631,210,693
289,221,262,629,210,691
289,224,261,628,209,689
289,228,260,627,208,686
288,232,259,625,207,683
288,236,257,622,206,678
288,241,256,619,205,672
288,246,255,616,203,666
288,251,255,614,202,659
287,257,253,608,201,649
287,263,252,605,200,638
287,269,251,601,199,626
287,276,249,594,200,615
287,283,247,588,199,601
286,291,245,583,197,587
286,299,244,577,196,574
286,307,240,573,195,559
286,316,237,569,194,545
285,325,236,565,194,532
285,335,233,563,195,519
284,345,229,561,196,504
284,355,228,559,197,491
284,365,226,558,196,476
284,376,224,556,196,462
284,387,222,554,196,449
283,399,220,552,195,436
282,410,219,550,196,424
282,423,217,549,196,412
282,434,216,548,194,400
281,447,215,547,195,388
280,460,216,547,195,378
280,473,216,547,194,366
279,487,218,549,194,355
279,501,219,549,194,345
278,516,219,552,194,335
278,530,219,555,194,325
277,544,221,558,193,316
277,559,223,559,193,308
276,574,225,562,193,299
277,585,224,564,192,290
276,594,223,567,192,283
273,601,223,571,192,276
271,610,222,574,191,268
273,617,221,578,191,262
273,625,221,583,191,255
274,633,220,587,191,249
273,641,220,591,190,244
273,647,220,595,190,238
272,652,220,599,189,234
272,657,219,602,189,229
272,661,219,606,189,225
272,664,218,608,188,221
272,668,217,610,188,217
271,670,217,612,188,214
271,673,216,614,187,211
271,674,215,617,187,209
271,675,215,618,187,207
272,676,215,619,187,206
272,675,215,621,186,204
272,674,215,621,186,203
273,672,215,622,186,203
273,670,216,622,185,203
274,668,216,621,185,203
274,664,216,621,185,203
274,659,217,620,184,204
274,653,218,620,184,206
275,646,218,619,183,207
275,638,220,616,183,209
277,628,221,614,183,211
278,617,222,612,183,215
279,605,224,609,182,217
279,594,225,604,181,221
281,580,226,600,181,225
282,566,227,595,181,230
282,552,230,591,180,234
282,538,232,585,180,240
282,525,237,580,179,245
282,510,241,575,179,251
283,497,246,569,178,257
283,484,248,563,178,263
284,471,251,559,177,270
284,458,254,561,177,278
284,446,256,558,176,285
285,434,257,556,176,294
285,422,258,552,175,302
285,410,259,549,175,311
286,399,260,546,175,321
286,388,261,546,174,330
286,377,261,545,174,341
287,367,261,547,173,351
287,357,260,548,173,362
288,347,259,549,172,374
288,337,259,547,172,385
289,328,259,550,171,397
289,319,250,549,172,411
289,310,253,550,172,424
290,302,255,555,171,436
290,294,257,560,171,450
291,286,258,566,170,462
291,279,259,571,170,477
291,272,259,577,166,493
292,265,260,583,167,510
292,259,264,590,169,524
293,253,264,595,169,542
293,248,265,600,167,554
293,242,260,604,168,565
294,238,252,598,168,578
294,233,258,600,170,589
294,229,255,605,171,602
295,225,259,608,175,610
295,222,259,611,177,620
295,218,260,614,179,629
296,216,261,617,180,639
296,213,260,619,183,647
296,211,261,621,184,656
297,209,261,622,185,664
297,208,262,624,188,671
297,207,262,625,189,677
297,206,261,625,191,683
297,206,262,626,193,685
297,206,262,626,195,688
298,206,261,625,197,690
298,207,262,625,199,691
298,208,261,623,201,691
298,209,261,622,202,692
298,211,260,621,202,691
298,213,260,619,203,690
299,215,260,617,203,688
299,218,259,615,202,686
299,221,258,612,202,683
299,225,258,610,201,680
299,228,257,607,201,676
299,232,257,604,200,671
299,237,256,601,199,665
299,242,256,597,197,658
300,247,255,593,196,651
300,253,252,588,196,638
300,259,251,584,197,626
300,265,248,579,196,613
300,272,247,573,194,600
300,278,243,569,194,587
300,286,238,565,194,573
300,294,235,561,194,560
300,302,234,557,193,546
300,310,233,553,194,532
300,318,233,550,196,519
301,327,229,550,197,506
301,337,227,550,197,490
300,347,226,550,198,477
300,357,225,548,198,465
300,368,224,547,198,453
300,379,222,546,199,442
300,389,221,544,199,430
300,401,220,543,199,419
299,413,219,542,199,407
299,425,217,541,200,396
299,437,217,541,200,386
299,450,218,542,200,376
298,463,220,544,199,366
298,477,224,547,199,357
298,490,224,550,200,348
298,505,226,553,200,339
297,519,227,557,200,331
297,534,227,561,200,323
297,548,228,565,200,315
298,563,228,569,200,308
298,572,228,574,200,302
297,583,228,578,200,295
294,591,228,582,200,289
292,600,227,587,200,283
291,609,227,591,200,278
289,617,227,583,200,273
289,625,227,588,200,268
288,633,227,592,201,264
286,640,226,595,201,260
284,645,225,597,201,256
283,650,225,601,201,254
281,654,225,604,201,250
280,658,224,607,201,248
279,661,224,610,201,246
278,662,224,612,201,244
277,664,223,614,201,242
277,666,223,616,202,241
276,666,222,618,202,240
276,666,222,620,202,240
276,665,222,621,202,240
276,663,222,622,202,240
277,661,222,623,202,240
277,658,222,623,202,241
278,655,222,624,203,242
279,649,223,623,203,243
280,644,223,623,203,245
281,637,224,621,203,247
282,629,224,620,203,249
283,620,224,618,203,252
284,609,225,614,203,255
285,598,225,612,203,258
286,586,226,608,203,262
288,573,227,604,203,266
287,560,228,598,202,270
286,547,230,593,203,275
286,534,232,588,203,279
286,521,234,582,203,284
286,509,238,577,202,289
286,497,242,572,202,295
286,485,245,568,202,301
285,473,249,565,202,307
285,462,251,562,202,315
285,451,252,558,202,321
285,440,254,555,202,330
285,430,255,552,202,336
285,420,256,549,202,344
285,411,256,547,202,352
285,401,256,546,202,360
286,392,258,542,203,369
286,383,255,545,203,378
286,375,255,542,203,387
286,367,256,546,202,398
286,359,257,550,202,408
286,351,258,556,202,419
286,344,259,561,202,428
286,337,260,566,203,437
285,331,261,571,202,449
285,325,262,575,203,459
285,319,263,580,202,473
285,314,264,587,202,485
285,309,265,591,202,496
285,304,265,595,202,509
285,300,266,600,202,520
285,295,266,606,201,529
284,292,266,610,200,537
284,288,266,614,201,545
284,285,267,618,202,553
284,282,267,621,205,561
284,280,267,625,206,569
283,278,267,627,207,578
283,276,267,629,207,586
283,274,267,631,207,595
283,274,268,632,208,604
282,273,268,634,208,614
282,272,268,634,208,622
282,272,267,634,209,629
282,272,267,634,209,636
281,272,267,634,210,642
281,273,266,633,210,646
280,274,266,632,210,649
280,275,265,631,210,651
280,277,264,630,209,651
279,279,263,627,208,651
279,281,262,625,208,651
279,284,262,622,207,649
278,286,260,620,206,647
278,290,259,616,205,644
277,293,259,613,204,639
277,297,257,609,203,634
277,301,256,604,201,627
276,305,254,599,201,619
276,310,253,595,200,610
275,315,251,590,199,600
275,320,249,584,198,590
274,326,247,578,197,579
274,331,245,573,197,567
273,338,243,566,197,554
273,344,241,561,196,542
272,351,238,557,197,531
272,358,236,552,198,520
272,365,234,548,199,508
271,372,232,545,199,494
271,380,230,541,199,481
270,388,229,538,199,469
270,396,227,535,198,458
269,405,225,532,198,447
269,413,222,529,198,436
268,422,220,528,198,426
268,431,219,528,197,416
267,441,218,529,197,406
267,452,219,529,198,397
266,461,220,532,198,388
265,472,220,535,197,379
265,482,220,540,196,371
264,493,220,544,196,362
264,504,219,548,197,355
264,515,219,552,197,347
263,526,218,557,197,339
262,537,217,562,197,332
262,548,216,567,197,326
261,559,213,573,197,320
262,567,212,578,198,314
262,574,211,583,198,308
262,582,210,589,198,302
262,590,210,593,198,298
263,598,209,598,198,293
264,605,209,603,198,288
264,612,209,607,198,284
265,618,210,611,199,280
265,624,210,614,199,277
266,629,210,617,199,274
266,633,210,620,200,271
266,636,210,622,200,269
267,640,210,624,200,267
267,641,210,626,200,265
267,642,210,627,200,263
268,642,210,628,200,262
268,641,210,628,200,261
269,639,210,628,200,261
269,635,210,627,200,260
270,630,211,626,200,260
270,624,211,625,200,261
271,617,212,623,200,261
271,609,213,620,200,262
273,600,214,617,200,263
274,589,215,614,200,265
274,579,216,609,200,267
276,568,218,605,200,269
277,556,220,600,200,272
278,544,223,595,199,275
278,532,226,589,199,278
278,520,229,583,200,282
279,509,233,577,199,285
280,497,238,572,199,290
281,487,242,567,199,294
281,476,246,562,199,299
282,465,249,557,198,304
282,455,252,553,198,310
283,445,254,549,198,316
284,434,257,545,198,322
284,425,261,542,198,328
285,415,263,537,197,335
286,406,265,536,197,342
286,397,264,537,197,349
287,388,263,535,196,357
288,380,263,537,195,365
288,371,262,536,195,373
289,364,262,537,197,381
290,356,261,538,196,391
291,348,262,543,195,400
291,342,262,548,196,409
292,335,264,554,196,419
293,328,264,559,195,429
293,322,264,564,195,439
294,316,265,569,195,450
295,311,267,572,196,462
295,306,267,576,195,474
296,301,268,581,195,485
297,297,269,586,196,495
297,293,269,591,197,507
298,289,269,596,197,516
299,286,269,601,197,525
299,282,269,605,197,534
300,279,269,610,198,543
301,277,270,614,199,551
302,275,270,617,200,559
303,273,270,621,202,566
303,271,271,623,202,573
304,270,272,625,203,582
305,269,272,627,203,591
305,268,272,628,203,600
306,268,272,629,203,610
307,268,272,630,203,619
307,269,272,630,204,627
308,270,272,630,204,634
308,271,272,630,205,640
309,272,271,630,205,644
309,274,271,629,205,648
310,276,270,627,206,650
311,279,270,625,206,651
311,282,269,623,205,651
312,285,268,621,206,650
312,289,266,618,205,649
313,292,265,616,205,648
313,297,264,612,204,645
314,301,262,608,204,640
314,306,261,603,204,635
315,312,259,601,203,629
315,317,256,595,203,622
316,323,255,590,202,611
316,330,252,585,202,602
316,337,249,580,203,592
317,343,246,575,201,580
318,351,244,570,201,569
318,359,241,565,201,556
318,367,238,561,199,544
319,375,236,556,199,534
319,384,234,554,199,523
319,393,232,551,199,511
320,402,229,549,200,499
320,412,227,546,200,487
320,422,224,543,200,474
320,432,222,541,200,463
321,443,219,539,199,453
321,454,217,537,199,443
321,465,215,536,198,433
321,477,215,534,198,423
321,489,216,534,197,414
321,502,215,531,198,405
322,514,217,530,197,395
322,528,216,528,196,387
322,541,216,529,196,379
321,555,218,532,195,371
322,567,216,534,195,362
321,577,216,536,195,355
320,587,216,539,194,348
319,596,216,542,194,341
319,603,216,545,194,335
318,609,216,549,193,329
318,616,215,553,193,323
316,622,215,557,192,317
315,628,215,562,192,312
313,635,222,560,191,307
311,640,222,564,191,303
308,645,221,568,190,298
305,649,221,572,190,295
302,653,220,576,190,291
298,657,220,580,189,287
296,661,220,585,189,285
293,663,219,589,188,282
291,665,219,593,188,280
288,667,218,597,188,278
285,668,218,601,188,276
283,668,218,606,187,275
281,668,218,609,186,274
280,668,217,611,186,273
279,667,217,613,186,273
278,666,217,615,185,273
278,664,216,616,185,273
278,662,216,617,185,274
278,660,217,618,184,274
278,656,217,618,183,276
279,652,218,618,183,277
280,647,219,617,183,279
280,641,219,615,183,281
282,633,220,613,182,284
283,624,221,610,181,287
283,614,223,607,181,290
285,603,224,603,181,293
285,592,225,598,180,297
286,580,226,593,180,301
287,567,228,588,180,306
287,552,229,581,179,311
287,540,233,576,178,316
288,527,237,570,178,321
288,514,243,565,178,327
288,502,245,560,177,333
288,490,248,558,177,339
289,477,249,554,176,346
289,466,251,551,176,353
290,455,252,548,176,360
290,443,253,545,175,368
291,432,255,541,175,375
292,422,258,538,174,384
292,411,259,535,173,392
293,401,260,534,173,402
293,391,260,532,173,410
294,382,261,530,173,420
294,372,260,531,172,430
295,364,261,529,172,439
295,355,260,531,171,450
296,347,262,532,171,461
296,339,262,535,169,472
298,330,263,536,170,485
297,323,264,536,170,497
298,316,265,539,170,510
299,309,266,542,168,522
299,303,267,546,168,532
299,297,267,549,169,540
299,291,268,553,169,548
299,286,268,558,169,556
300,281,268,562,170,564
300,276,268,566,171,572
300,271,268,570,172,580
300,267,268,574,174,588
301,263,268,577,175,597
301,260,269,579,177,604
301,257,270,583,179,613
302,254,270,587,181,621
302,251,271,591,183,630
302,249,271,594,184,637
302,247,271,597,187,645
303,246,272,600,189,650
303,246,272,600,189,650
303,245,272,602,191,655
303,244,272,605,193,659
303,243,271,607,196,662
303,243,271,609,198,664
303,243,271,610,199,666
303,244,270,611,201,667
304,245,269,611,202,667
304,246,269,611,203,667
304,247,268,611,204,666
304,249,267,611,205,664
304,251,267,609,205,662
304,254,266,608,205,659
304,257,265,606,205,655
304,260,264,605,205,651
304,264,263,603,204,645
304,267,261,600,204,638
304,272,260,597,203,630
304,276,258,594,203,620
304,282,257,591,202,609
304,287,255,587,202,598
304,292,253,582,202,588
304,298,251,578,201,575
304,304,249,573,201,562
304,311,247,564,200,549
303,318,244,561,200,537
303,325,242,558,199,525
304,333,240,553,201,512
304,341,239,548,200,500
303,349,238,545,200,487
303,358,235,542,200,474
303,367,234,541,201,460
303,376,232,540,200,450
303,386,231,538,200,438
303,396,230,535,199,426
303,406,228,533,199,416
303,417,225,531,200,405
303,428,224,530,199,395
302,438,223,530,199,386
302,450,222,531,198,376
301,462,221,532,197,367
301,474,221,535,196,357
301,487,221,538,197,349
301,500,222,541,196,340
300,513,221,544,195,332
300,525,221,548,195,325
299,539,220,552,195,318
298,551,219,557,194,310
297,560,219,561,194,304
296,569,218,566,193,297
294,578,217,570,193,291
293,585,217,574,193,285
293,593,216,578,192,280
292,600,216,582,191,275
292,606,215,585,191,270
292,614,214,589,190,265
290,621,213,593,190,262
290,628,212,597,189,258
288,634,211,601,189,254
287,640,210,604,189,251
285,645,210,607,189,248
283,649,209,610,188,246
281,653,208,613,188,244
280,656,207,616,187,242
278,659,207,618,186,240
277,661,207,620,186,239
276,663,207,622,186,239
275,664,207,623,185,238
275,664,207,625,184,238
274,664,206,626,184,238
274,664,207,627,184,239
274,663,207,627,183,240
274,662,207,627,182,240
275,660,208,627,182,242
275,658,209,627,181,244
276,654,209,626,181,246
276,651,210,625,181,248
277,645,211,624,180,251
278,639,212,622,180,254
278,632,213,620,179,257
279,624,214,618,178,261
280,614,215,615,178,265
282,604,217,612,178,269
281,593,219,608,177,274
282,581,221,603,176,279
283,569,223,598,176,284
284,557,226,593,176,290
284,545,228,587,175,296
284,532,231,580,174,302
284,520,235,574,174,308
284,509,239,570,173,315
284,498,243,565,173,322
284,487,246,560,172,329
284,476,249,556,172,338
285,465,251,553,171,346
285,455,254,549,171,354
285,444,257,545,170,363
285,434,259,543,170,371
286,424,262,538,169,380
286,415,263,535,168,391
286,406,262,534,168,400
287,397,261,537,167,411
287,389,260,538,167,421
287,381,260,540,167,431
288,373,259,543,166,442
288,365,258,546,166,453
288,358,258,549,165,465
289,351,258,553,165,476
289,345,258,557,165,489
290,339,259,561,165,501
290,332,259,565,165,515
290,327,259,570,163,529
291,322,260,574,163,542
291,317,260,578,164,550
291,312,260,582,164,560
292,308,260,586,164,568
292,304,260,590,163,576
292,300,260,594,165,584
292,297,259,598,165,591
292,294,259,602,166,599
293,291,259,606,167,607
293,289,260,609,169,616
293,287,262,593,170,624
293,285,262,596,172,632
294,284,262,599,175,639
294,283,262,601,177,645
294,282,263,603,179,651
294,282,263,605,182,655
294,282,263,607,184,659
295,282,262,607,187,662
295,283,263,607,189,664
295,284,263,608,191,665
295,285,262,607,194,666
295,286,262,607,195,666
295,288,262,606,198,666
295,291,261,605,198,665
295,293,261,603,200,663
295,296,260,601,201,661
295,299,260,599,201,658
295,303,259,597,202,655
295,307,258,594,202,651
295,311,256,592,202,646
295,315,255,589,202,641
295,320,254,586,201,633
294,325,254,582,201,625
294,331,252,579,201,615
294,336,252,575,200,604
294,342,250,570,200,593
294,349,249,566,200,581
294,355,247,561,199,568
294,363,243,559,199,556
294,370,242,555,198,543
293,378,240,552,198,532
293,386,238,550,198,520
293,394,234,551,198,507
293,403,233,549,199,494
293,412,230,549,198,480
292,421,229,547,198,470
292,431,228,546,198,457
292,441,226,545,198,445
291,451,223,544,198,434
290,461,221,544,197,423
290,472,220,543,197,413
290,483,219,543,196,402
290,495,218,543,196,392
290,506,217,544,198,382
290,519,218,546,195,372
289,531,219,549,195,362
288,541,219,550,194,353
288,554,218,555,195,344
287,564,219,559,194,335
286,573,221,563,194,327
284,581,224,564,194,319
284,590,220,566,193,311
284,596,223,571,193,304
284,603,221,574,192,297
286,610,221,579,192,290
287,617,219,582,191,283
288,625,215,584,191,277
288,631,214,589,191,271
287,638,215,594,190,265
286,644,215,598,189,260
285,649,217,604,189,255
284,654,217,608,188,251
283,658,213,609,188,246
281,661,212,612,187,242
280,664,211,614,186,239
279,666,211,615,186,235
279,667,210,617,186,232
277,667,210,618,185,230
277,667,210,619,184,228
276,667,210,620,184,226
275,666,210,620,183,224
275,665,210,620,182,223
274,663,210,620,182,222
274,660,210,619,181,222
274,658,211,618,180,222
274,654,210,617,180,222
274,650,211,615,179,222
275,644,212,613,178,224
276,638,214,611,177,225
277,631,215,608,177,227
278,621,216,605,176,229
278,611,220,603,175,231
279,599,219,598,174,234
280,587,221,594,174,238
281,575,223,588,173,241
282,562,225,583,172,245
282,549,229,578,171,250
283,536,236,575,170,254
283,523,239,569,170,260
283,509,242,562,169,266
284,496,244,556,168,271
284,483,247,551,167,278
285,471,248,546,166,285
285,459,252,547,166,292
286,447,253,545,165,300
286,435,255,542,164,308
287,424,257,539,163,317
287,412,258,536,162,325
288,401,261,533,162,335
288,390,263,531,160,345
289,380,264,530,159,355
289,370,263,530,158,366
290,360,261,531,158,377
290,350,263,530,157,389
291,341,263,532,156,400
291,332,261,533,156,413
292,323,260,536,155,426
292,315,259,540,154,439
292,307,267,536,153,453
293,300,270,540,152,466
293,292,271,545,151,481
293,285,267,549,150,497
294,279,273,555,151,513
295,272,273,560,150,531
295,266,272,564,151,545
295,260,272,569,150,559
295,255,271,573,153,572
296,250,271,578,150,582
296,245,265,580,153,593
297,241,264,583,155,602
297,237,264,587,157,612
297,233,265,587,159,621
297,230,266,591,161,629
298,226,265,595,163,637
298,224,266,596,164,646
298,221,265,601,166,654
299,219,267,604,168,661
299,217,267,607,170,669
299,216,268,610,172,675
299,215,268,613,174,681
299,214,267,615,177,686
299,214,267,617,179,689
299,214,267,619,182,693
300,214,267,620,185,695
300,215,267,621,187,697
300,216,267,621,190,697
300,217,266,621,192,697
300,219,266,622,193,697
300,221,265,622,194,696
300,224,264,621,195,694
300,226,264,621,195,692
301,230,263,620,195,690
301,233,263,619,195,688
301,237,262,617,195,685
301,241,261,615,194,681
301,245,259,612,193,677
301,250,258,609,192,671
301,256,257,606,191,664
301,261,257,603,190,657
301,267,256,599,189,646
302,274,254,594,188,636
302,280,252,590,187,624
302,287,251,584,186,612
301,294,249,578,187,597
301,303,246,573,185,583
302,310,244,567,184,569
301,319,241,562,184,556
301,328,239,559,184,543
301,337,238,554,184,530
301,347,237,551,185,515
301,357,233,549,185,500
301,367,230,547,184,484
301,378,229,545,184,471
301,389,228,543,184,458
301,400,226,541,183,447
301,412,224,539,182,434
301,424,222,537,181,424
301,436,219,535,181,412
300,449,218,534,180,399
300,462,218,534,180,387
300,475,217,535,181,376
299,489,217,536,180,366
299,503,216,537,180,355
298,518,216,540,180,345
298,532,215,542,180,335
298,547,213,546,180,325
298,562,215,549,180,317
298,577,215,552,179,308
299,589,214,556,179,299
299,601,214,560,179,291
297,611,214,564,180,284
296,620,213,568,180,276
296,627,213,573,180,269
296,636,212,577,179,263
295,644,218,572,179,257
294,650,217,575,179,251
293,656,216,579,180,245
291,661,216,583,180,239
289,664,215,587,180,234
288,668,214,592,179,229
287,671,213,595,179,225
286,672,212,599,179,221
284,674,213,603,179,218
283,675,213,606,179,215
282,676,213,609,179,212
280,676,212,611,179,209
279,676,212,614,179,206
278,676,212,616,179,205
278,675,211,618,179,204
278,673,212,620,179,202
277,672,212,622,179,202
278,670,213,624,179,201
278,667,213,624,178,201
278,664,214,625,178,202
280,660,215,625,178,202
281,655,215,625,178,203
281,649,216,623,178,205
283,641,217,622,178,207
